-0.004118 -0.061565 -0.157148
-0.224170 -0.082025 0.052019
-0.119281 -0.387369 -0.437899
-0.141087 -0.089900 0.130315
0.023866 0.224932 0.497336
-0.134585 -0.846221 -0.179244
0.385655 0.583948 -0.402232
-0.849020 0.404400 0.413975
-0.036030 0.162657 0.306275
-0.137421 -0.323614 -0.007654
-0.300512 -0.463279 0.146811
-0.006382 -0.315534 -0.143192
-0.135936 -0.155085 -0.206783
-0.388700 -0.238902 0.230251
0.341762 0.427933 0.193785
0.011868 -0.356173 -0.327449
-0.486840 -0.040535 0.083934
-0.111675 0.022369 -0.005703
-0.015278 -0.092560 -0.198497
-0.035729 0.066523 0.066523
-0.046394 -0.132565 -0.032578
0.187637 0.340985 0.810138
0.377901 -1.431691 -1.633123
-0.953329 0.752760 1.221914
-1.587817 -0.601199 0.490301
-0.143568 -0.679743 -0.007236
0.347670 0.060434 -0.466167
0.115844 0.403081 0.462305
0.927892 0.209800 -0.628108
-0.599384 -0.314992 -0.295843
-0.122889 0.126049 0.185582
0.482394 0.810108 0.331380
0.373550 0.000142 -1.379942
-1.944841 -0.960600 0.714948
0.846117 0.463134 -0.118406
-0.420621 -0.612112 -0.417061
-0.110675 0.266692 0.314564
-0.183452 -0.449831 -0.344510
-0.152714 -0.210161 -0.389181
-0.331734 -0.070558 0.302851
0.203580 0.194005 -0.484961
-1.451992 -0.785872 -0.986939
-1.083433 -1.313223 -0.059550
-0.477628 -0.496777 0.068742
0.758110 0.023064 -0.839453
-0.284128 -0.456471 -0.793002
-0.572787 0.006498 -0.358706
-0.195939 -0.262829 -0.281978
-0.587415 -0.166134 -0.290714
-0.223692 -0.126781 -0.136354
0.261054 0.040839 0.239569
-0.938103 -1.055585 -1.113032
-0.998459 -0.778244 -0.413027
-0.326856 -0.183063 -0.568327
-0.491731 -0.004725 -0.148343
-0.425970 -0.406821 -0.368645
####
0.039557 0.001259 -0.094487
0.010617 0.000123 -0.047750
-0.154178 -0.029709 -0.359974
-0.149334 0.147478 -0.414951
0.169097 0.540648 0.275059
0.016546 -0.179129 -0.437643
-0.702414 -0.041770 0.015517
0.120837 0.204296 0.347914
0.299522 -0.016439 -0.074912
-0.103636 -0.088477 0.007269
-0.191784 -0.124762 -0.124888
0.009156 0.168928 -0.175756
-0.166602 -0.061281 -0.032186
-0.032186 -0.109556 -0.097574
0.046045 0.094429 -0.058764
0.013058 0.013058 0.082149
-0.109342 -0.576725 -0.509703
0.197849 0.379765 0.065297
-0.547475 -0.514283 0.414449
0.877712 0.140470 -0.580844
-0.427651 -0.149782 0.558735
0.030470 -0.161021 -0.025399
-0.008767 0.048680 0.060963
0.089686 -0.006059 -0.064997
-0.203809 -0.002743 0.009139
0.018714 0.403143 0.355270
0.431867 -0.501522 -1.324934
-0.933696 -0.321558 0.473131
0.667197 0.312938 -0.392011
-0.401585 -0.240180 -0.402948
-0.152314 0.125349 0.471718
0.174906 -0.136469 -0.146043
0.283303 0.560965 0.403161
-0.257484 -0.448163 -0.132203
-0.056255 -0.056255 0.157477
0.080881 -0.067514 -0.038790
0.013215 0.051883 -0.034288
-0.086161 -0.105310 0.106568
0.159228 0.174457 -0.036184
-0.325012 -0.305863 0.320555
1.593971 1.386885 0.046446
-1.896313 -2.547383 -1.097786
0.309674 0.741551 0.712827
0.171333 0.094737 -0.287076
-0.028563 0.100951 0.194669
-0.092568 -0.356289 -0.231819
-0.241394 -0.356656 -0.231309
-0.164288 0.012673 0.156292
0.136447 -0.581645 -0.399729
-0.165585 -1.237936 -0.639397
-0.801802 -1.002867 -1.050552
-0.638846 -0.359807 -0.082145
-0.470273 -0.077717 0.284813
-0.011998 -0.384491 -0.575982
-0.500457 -0.414287 -0.292965
-0.072750 -0.332623 -0.370921
-0.007022 -0.705965 -0.266337
-0.266337 -0.286566 -0.315290
-0.363168 -0.344018 -0.343873
-0.409948 -0.467396 -0.409893
-0.294998 -0.266590 -0.410209
-0.324650 -0.114010 0.038964
0.058113 0.369227 0.024544
-0.680114 -0.881179 -0.695449
-0.810344 -1.389506 -1.035247
-0.423949 -0.050541 0.188575
-0.759307 -0.493293 -0.186907
-0.122805 -0.170767 -0.237789
####
-0.172302 -0.049847 -0.011549
0.055004 0.007132 -0.183202
-0.116180 -0.198107 0.127428
0.259799 -0.218930 -0.147848
0.053218 -0.064039 -0.408723
-0.136766 -0.060170 0.279975
0.088484 0.282462 0.071822
0.071537 -0.110380 0.071603
0.033305 -0.162471 -0.258216
0.085564 0.028117 -0.156104
0.044962 -0.002911 -0.087579
-0.024777 -0.101373 -0.090225
-0.272142 -0.434002 -0.127616
0.439692 0.114157 -0.104600
-0.458858 -0.094983 0.307149
0.594395 0.134817 -0.545003
-0.583301 -0.215425 0.655860
-0.039014 -0.081616 -0.043318
0.109781 0.033184 -0.013578
-0.120191 0.081977 0.196872
0.219263 0.161815 0.266536
0.046321 -0.710151 -1.150581
-0.679176 -0.123852 0.214934
0.722385 0.202059 -0.209647
0.146135 0.203583 -0.374556
-0.403280 0.164561 0.231582
0.056279 -0.240533 -0.496413
0.212105 0.396395 0.281501
0.145236 -0.362215 -0.254434
0.281741 0.185996 0.064033
0.142196 -0.010997 0.029870
-0.094599 -0.144323 -0.058152
0.173738 0.796084 1.411710
0.751065 -0.907077 -2.065599
-1.769495 -0.141819 0.833356
0.766334 0.138188 0.052017
-0.356134 -0.269566 -0.154671
0.081370 0.071795 0.120049
-0.094202 -0.082380 -0.340894
-0.231974 -0.155377 -0.194730
-0.127707 -0.373068 -1.024137
-0.668564 -0.515371 -0.935377
-1.117293 -0.598908 -0.129754
-0.041483 -0.606381 -0.503712
0.204805 0.298105 -0.104027
-0.619945 -0.524199 -0.497646
-0.727436 -0.359565 -0.187222
-0.178515 -0.302985 -0.064964
-0.514969 -0.160710 -0.238362
-0.362826 -0.314953 -0.237552
-0.046061 -0.072772 -0.321711
-0.126351 0.275781 0.055925
-0.365355 -0.780962 -0.867133
-1.493965 -1.283324 -0.607308
0.015038 0.485352 -0.816789
-0.491547 -0.064578 -0.160324
-0.208058 -0.227207 -0.400074
####
-0.026012 -0.274951 0.054609
0.341846 0.012432 -0.284380
-0.260517 -0.250943 -0.400218
0.059361 0.094545 0.343484
0.059481 0.164801 0.035569
0.081862 0.024415 -0.235138
0.032950 -0.222457 -0.097988
-0.092046 0.013274 0.106137
-0.066206 0.017905 0.017905
-0.050085 -0.088383 -0.067548
-0.077122 0.161983 -0.115680
-0.369813 -0.302791 0.215669
0.493331 0.077814 -0.477510
-0.368827 -0.148613 0.540118
-0.158382 -0.053062 -0.004449
0.081723 -0.004449 -0.025840
-0.079637 -0.893475 -1.078230
-0.321839 0.191418 0.363760
0.376181 -0.159994 -0.565450
-0.488853 -0.422621 -0.097086
0.277599 0.698879 0.352506
-0.023829 -0.023829 0.245911
0.131016 -0.191059 -0.018717
0.111013 0.359952 0.241763
-0.102921 -0.354440 -0.220396
0.071285 0.138307 0.038334
0.679829 1.085685 0.539935
0.157129 -1.365226 -1.867488
-1.254716 -0.180730 0.882046
0.970060 0.251968 -0.139657
-0.504273 -0.178738 0.040142
0.231633 0.097589 0.026921
-0.391072 -0.553840 -0.635083
-1.113811 -0.469716 -0.622910
-0.658649 -0.448009 -0.490854
-0.328087 -0.708909 -0.306778
0.289975 0.184655 0.039802
-0.073997 -0.638895 -0.408504
-0.485101 -0.659576 -0.515958
-0.452450 -0.385428 -0.424727
0.044426 -0.195179 -0.137733
-0.089628 -0.185374 0.353836
0.248516 -0.204439 -0.817211
-0.746681 -0.545615 -0.933142
-1.306549 -0.810810 -0.370380
-0.165553 0.246153 -0.720049
-0.388770 -0.044086 -0.169924
-0.131626 -0.246520 -0.399549
####
0.136442 0.031121 -0.330295
-0.359019 0.191664 0.507278
0.066848 -0.469327 -0.604658
-0.307847 0.198941 0.179792
0.175138 0.194287 0.329970
0.109756 -0.146157 -0.031262
-0.036689 -0.132435 -0.149871
-0.197744 -0.069519 -0.050370
0.152312 0.075716 -0.196213
0.304951 -0.020584 -0.357792
-0.415239 -0.209968 0.345356
0.086720 -0.076047 -0.315376
-0.305802 0.220547 0.574805
0.129570 -0.559798 -0.352145
0.174456 -0.037840 -0.009116
-0.044195 -0.005897 -0.064983
-0.017111 0.347389 0.261218
-0.151598 -1.319694 -1.499722
-0.510047 0.859115 0.974010
-0.116222 -0.834314 -0.689323
-0.411660 0.062511 0.416770
0.519820 0.395351 0.412018
0.249251 -0.069045 -0.308409
-0.212528 -0.250826 0.112620
0.184429 0.124038 -0.163199
-0.291193 -0.253591 0.167690
0.489650 0.211987 -0.008084
0.729157 1.204754 0.591982
0.352240 -1.457352 -2.558870
-1.448221 0.153236 1.043670
0.968356 0.221540 -0.094994
-0.305634 -0.084119 0.078649
-0.086931 -0.086931 -0.256612
-0.524700 -0.509842 -0.835377
-0.889589 -1.067430 -0.531255
-0.607852 -0.614057 -0.422565
-0.670828 -0.345293 0.068370
-0.123121 -0.270819 0.035567
0.360311 -0.127992 -0.432829
-0.566873 -0.528582 -0.538157
-0.492266 -0.511414 -0.244615
0.349009 -0.848366 -0.199163
-0.122567 -0.084654 0.001517
0.073806 0.418489 -0.252445
-0.903516 -0.794487 -0.516825
-0.820310 -1.327762 -0.747552
-0.163504 -0.022006 -0.290094
-0.317258 -0.269384 -0.377300
-0.204958 -0.139106 -0.311448
####
0.147091 -0.381523 -0.077976
0.305007 0.228410 -0.365304
-0.682986 -0.405323 0.092908
0.284399 0.185515 0.309984
-0.203383 0.304068 0.122615
-0.135898 -0.123372 -0.094648
0.041884 -0.101734 -0.228552
0.135282 0.110638 -0.013831
0.013645 -0.216144 -0.453587
-0.195074 0.330917 -0.052065
0.022184 -0.131009 -0.351224
0.135067 0.393580 0.002402
-0.629519 0.036435 -0.021012
0.207493 -0.003147 -0.019048
-0.095645 -0.032526 0.082368
0.066076 0.279744 -0.601441
-1.431352 -0.837729 0.426113
0.929377 -0.177734 -0.541568
-0.503742 -0.015440 -0.191176
0.143933 0.276489 0.496704
0.192807 0.087486 -0.089245
-0.184991 0.065942 0.180836
-0.019343 -0.048066 -0.265093
-0.379987 0.175508 0.596789
0.289425 0.069210 0.582875
0.640323 0.572893 0.199485
-1.342019 -1.918647 -0.951617
0.350801 0.934849 0.609580
0.150001 -0.245524 -0.255098
-0.076366 0.019379 0.048700
0.010402 0.137247 -0.711923
-0.581964 -1.146242 -0.868580
-0.945176 -0.976557 -0.353656
-0.420678 -0.362215 -0.295193
-0.339725 -0.062062 0.434686
0.166598 -0.578706 -0.291470
-0.502605 -0.789843 -0.669418
-0.602397 -0.155253 0.141558
-0.415558 -0.109172 -0.130917
-0.140491 -0.023060 0.130134
0.617834 -0.416218 -0.936557
-0.879109 -0.352509 -0.842088
-1.435711 -0.736858 0.124851
-0.133288 -0.296056 -0.276910
-0.487550 -0.252048 -0.060556
-0.214525 -0.319846 -0.406261
####
-0.249218 -0.392837 0.072380
0.369192 0.264439 -0.223864
-0.412626 -0.575393 -0.181329
0.249526 0.358775 0.243880
0.048373 0.038799 -0.000133
-0.076729 -0.090685 -0.167281
-0.221656 -0.116336 0.121791
0.121791 0.019434 0.134329
-0.258228 -0.556162 -0.227693
0.346781 0.750459 0.003644
-0.934663 -0.641256 0.057687
0.642640 0.297955 -0.019443
-0.061668 0.043652 0.040440
0.078738 -0.216855 -0.188131
0.093611 0.045739 -0.108860
-0.367373 0.038435 0.172479
-0.062917 -0.321430 -0.206668
0.568871 0.167942 -0.655471
0.550187 -0.053011 -0.445750
-0.153262 -0.009643 0.014577
-0.263085 -0.078761 0.323371
-0.781673 -0.312520 -0.097151
0.506047 0.474706 -0.195513
-0.423275 -0.174337 -0.037114
-0.152009 0.018242 0.075690
0.223392 0.185093 0.115993
0.010673 0.239457 -1.014810
-1.581383 -0.834567 0.229856
0.947948 0.614201 -0.027294
-0.582413 -0.898373 -0.342521
0.346848 0.339153 0.176385
0.066407 0.018534 0.066299
0.315238 0.411186 0.305866
0.326616 0.297893 0.384875
0.643388 1.131691 -0.059534
-1.654255 -2.305325 -1.158273
0.392806 0.651319 0.431689
-0.822579 -1.404714 -0.619600
0.760535 0.303099 -0.549037
-0.015099 0.894484 0.817493
0.223871 -0.101711 -0.015540
0.107986 -0.016484 -0.304657
-0.237635 0.273505 0.484145
0.083963 -0.088379 0.057418
-0.287266 -0.395382 -0.414531
0.013568 -0.097783 -0.442467
-0.179129 0.347472 0.763083
1.107767 1.057366 0.004165
-1.547207 -2.006786 -0.486671
1.160154 1.244124 0.746247
0.533542 -0.012208 -0.706403
-0.811723 -0.765519 -0.066576
0.437628 0.514225 -0.678393
-0.745416 -0.992424 -0.973275
-0.718935 -0.450848 -0.285317
-0.275743 -0.488843 -0.268628
-0.265002 -0.265002 -0.230119
-0.268416 -0.328842 -0.319268
-0.330764 -0.100975 0.089946
0.137819 -0.115392 -0.163264
0.027222 -0.145121 -0.652572
-0.051851 -1.363811 -1.143596
-1.664003 -1.079955 0.116865
-0.166982 -0.808477 -0.546209
-0.239823 0.114889 -0.011615
-0.155233 -0.182008 -0.249029
-0.238571 0.077390 0.070683
-0.111233 -0.701477 -1.007863
-0.835291 -0.682098 -0.428269
-0.533589 -0.488049 -0.085917
0.363251 -0.508034 -0.478926
-0.220412 -0.357296 -0.349136
-0.377860 -0.187365 0.023276
0.163218 0.785564 -0.325084
-0.717641 -0.830163 -1.184422
-1.196498 -0.842238 -0.378931
-0.005524 -0.246791 -0.419133
-0.275944 -0.563181 -0.277758
-0.162863 -0.222801 -0.222801
####
0.376398 -0.571483 -0.203034
0.055480 -0.279630 -0.097431
-0.048674 0.190690 -0.353896
-0.794326 -0.430158 -0.219518
-0.140468 -0.360683 -0.026995
0.145347 0.259250 0.278399
0.332805 0.179612 0.093313
-0.557215 0.237473 0.003732
-0.092013 0.434588 0.184616
-0.881249 -0.048262 0.703212
0.626615 0.458445 -0.049006
0.041317 -1.117205 -1.083718
-1.179464 -0.349248 -0.033288
0.255172 0.408365 0.270532
-0.740616 -0.625721 -0.320298
-0.147956 -0.502214 -0.612974
-1.251389 -0.648191 -1.239346
-0.731895 -0.927945 -0.707730
-0.490296 0.112901 0.074406
0.246748 0.206023 0.081554
-0.034517 -0.130263 -0.292816
####
-0.072336 0.080857 -0.339378
0.053179 0.020684 0.038552
-0.315706 -0.363205 -0.324907
-0.081414 0.043056 -0.139822
0.099542 0.003796 0.198178
0.168393 0.034350 -0.070971
-0.140933 -0.119034 -0.461199
-0.087792 0.384214 -0.151962
-0.972163 -0.268028 0.287296
0.532865 0.197755 0.167425
0.215298 -0.446670 -0.609438
-0.398797 -0.195380 0.222164
0.135993 0.135993 0.233844
0.210409 0.243800 0.042734
-0.433035 -0.614952 -0.811443
-0.698183 -1.186485 -0.664189
-0.424826 -0.217514 -0.476027
-0.424299 -0.079616 -0.127488
0.196056 0.138610 -0.100754
-0.282670 -0.328629 -0.394484
####
0.126624 -0.141583 -0.055412
-0.030548 -0.384807 -0.096300
0.202092 -0.353232 -0.204455
-0.255898 -0.275047 0.019721
0.125041 -0.066450 0.111715
0.149129 0.149129 0.012915
-0.140278 -0.197405 0.677655
0.699027 0.469238 0.739946
-0.102615 -1.615518 -0.222615
0.428456 0.494736 0.321586
0.000838 -0.269503 -0.374824
-0.087587 0.024415 -0.314784
-0.391380 -0.059131 0.218532
0.323994 0.080331 0.343244
0.209199 -0.190859 -0.822780
-1.478787 -0.514508 -0.954938
-0.769356 -0.411500 -0.315754
0.089331 0.319120 0.137203
0.089259 -0.242108 -0.404876
-0.462372 -0.357052 -0.242959
####
0.174948 0.074917 -0.585727
0.279450 0.231577 -0.272098
-0.655081 -0.142693 0.029649
0.091149 0.445407 0.229235
-0.182471 -0.167607 -0.052712
-0.047295 -0.143304 -0.233086
0.871629 0.833330 -0.711244
-1.103800 0.378512 0.723196
0.245537 -0.424682 -0.543803
-0.515079 -0.035275 0.108343
-0.051331 -0.099203 0.146425
0.513856 -0.103440 -0.590752
-0.648199 -0.264589 -1.748646
-0.626176 -0.252768 -0.285810
0.298239 -0.294937 -0.160893
-0.018044 -0.046767 -0.197724
-0.216874 -0.396708 -0.539095
####
0.061108 -0.178256 -0.265031
0.553495 -0.212469 -0.442259
-0.115000 -0.172448 -0.063247
0.252713 0.214415 0.037297
-0.042329 -0.080627 -0.176373
-0.031386 0.073934 -0.138663
-0.186536 -0.018997 -0.406468
0.187154 -0.757160 -0.487138
0.384147 0.451169 0.061227
-0.053668 -0.230950 -0.441590
-0.154353 0.440550 0.065228
-0.135838 -0.212434 -0.207495
0.453149 0.743575 0.322294
-0.298636 -0.543923 -0.926906
-0.600603 -1.055014 -0.700755
-0.317773 -0.551847 -0.197587
0.019667 -0.200548 -0.047356
0.105028 -0.246791 -0.313812
-0.352111 -0.370404 -0.379979
-0.293472 -0.044534 0.036093
####
-0.030918 -0.231984 -0.114607
0.029012 0.238792 -0.335681
-0.512107 -0.330191 0.051303
0.194922 0.481279 0.146170
-0.113364 -0.086206 -0.019184
-0.161869 -0.113996 -0.057731
-0.000283 -0.178937 0.073402
0.580854 -0.459818 -0.766204
-0.007548 0.633947 1.057171
-0.043904 -0.653119 -0.739291
-0.455890 0.166456 -0.039836
-0.223021 -0.136850 0.383165
0.689550 0.446559 0.082725
0.119888 -0.532127 -0.522552
-0.695110 -0.790856 -1.178045
-0.718466 -0.140472 -0.197919
0.002240 -0.447763 -0.133442
0.000602 -0.037477 -0.246593
-0.304041 -0.399005 -0.255386
-0.128622 -0.013727 -0.200994
####
-0.012681 -0.587285 -0.186256
0.244600 0.309822 -0.293375
-0.151740 -0.515574 0.046139
0.390823 0.359550 0.034015
-0.048402 -0.239893 -0.196727
0.013914 -0.031982 -0.194750
0.777939 1.095380 -0.651759
-1.408149 -0.305449 0.872222
1.308669 0.063976 -0.799834
-1.374307 -0.144378 0.296051
0.304276 0.160658 0.010355
0.086951 0.467403 0.161018
-0.725177 -0.402226 -0.480044
-1.303456 -1.088492 -0.169334
-0.365783 0.084222 -0.098129
-0.270472 -0.079004 -0.165175
-0.164165 -0.154590 -0.267282
-0.420476 -0.160700 -0.093678
####
0.089603 -0.198116 -0.552374
0.369616 -0.128262 -0.067600
-0.182495 -0.120564 -0.398226
0.133930 0.641382 0.017598
0.027173 -0.028580 -0.363690
-0.195829 0.053109 -0.066773
-0.085922 0.098221 0.069497
0.056022 0.642456 0.240324
-0.516986 -0.890394 0.206276
0.206276 0.186368 0.186368
-0.681350 -0.499433 0.178952
0.169377 0.252890 -0.063071
-0.250160 0.075375 0.503382
0.211358 -0.178030 -0.101434
-0.595678 -0.539976 -0.271889
-0.711865 -1.343785 -0.506020
-0.687937 -0.203583 0.255996
-0.280719 -0.194548 -0.003191
-0.290427 -0.364978 -0.125613
-0.353382 -0.525724 -0.295101
-0.094035 0.024086 -0.205704
####
0.191822 -0.172012 -0.454272
0.168074 0.006046 -0.262042
-0.125722 -0.154446 0.154366
0.381596 0.103933 -0.073600
-0.102324 -0.116766 -0.097617
-0.104715 0.058052 0.029328
-0.046816 -0.145484 -0.076533
1.120287 0.326951 -1.080510
-0.232474 0.303701 0.182532
-0.066407 -0.456180 -0.215820
0.080992 0.122772 -0.126167
-0.351039 0.022369 0.276320
0.285895 0.496535 0.399378
-0.015185 -0.452042 -0.528638
-0.204670 -1.449363 -0.783352
-0.381221 -0.165040 0.323263
-0.480889 -0.212281 -0.049514
-0.239702 -0.354597 -0.277607
-0.306331 -0.315176 -0.248155
-0.324751 -0.256886 -0.092624
####
-0.244263 0.129145 0.082957
-0.529815 -0.170120 0.404354
-0.195348 -0.147475 -0.121581
-0.332221 0.117783 0.640128
0.065654 -0.121315 -0.130414
-0.149563 -0.083194 -0.073620
-0.133248 -0.066226 0.039465
0.087243 -0.755318 0.286627
1.081315 -0.317920 -0.911543
-0.307568 0.448823 0.243650
0.052159 -0.512740 -0.520561
0.264553 0.308067 0.165185
-0.256095 -0.265460 0.194118
0.550314 0.224779 0.115394
0.101272 -0.291285 -0.790346
-0.292469 -0.234267 -1.182149
-0.937212 -0.774445 -0.148270
0.435779 -0.378058 -0.235287
-0.072519 -0.111494 -0.262550
-0.243402 -0.385838 -0.433711
-0.366153 -0.155512 -0.181937
####
0.028181 -0.373950 -0.033253
0.550795 -0.251664 -0.548475
0.053973 -0.214115 0.119302
0.329942 0.007490 -0.037926
-0.104948 -0.114515 -0.124089
-0.068804 -0.107102 -0.057885
0.037861 0.049832 -0.150219
0.318934 -0.658831 -1.319476
1.042009 0.726048 -0.023997
-0.234637 -0.398469 -0.159105
-0.024493 -0.089094 0.198142
0.113282 -0.001613 -0.056745
-0.008872 0.044187 0.130358
0.190897 -0.378260 -0.703794
-0.626946 -1.258867 -0.412374
0.066354 -0.269964 -0.155069
-0.307259 -0.335982 -0.221200
-0.259147 -0.249573 -0.201338
-0.364106 -0.373310 -0.277565
-0.286176 -0.238303 -0.284426
####
-0.160780 0.003752 -0.139866
-0.301434 0.100698 0.063360
-0.147280 -0.028235 -0.076108
-0.280595 -0.012508 0.040836
0.040836 -0.035933 0.002365
-0.162016 0.000752 -0.399059
0.261585 0.196401 0.205139
-0.254440 -0.453268 -0.213904
0.030202 0.259991 0.163483
-0.133328 0.029398 0.096420
0.360191 0.378243 0.129304
-0.305695 -0.545059 -0.164267
-0.039798 0.039908 0.465975
0.526289 -0.000312 -0.099501
-0.511208 -0.363387 0.421727
0.523764 0.332273 0.222714
-0.236865 -1.011353 -0.226097
0.999447 1.004134 0.151998
-0.613232 -0.919618 -0.018786
0.163131 -0.428730 -0.486177
-0.150385 -0.602189 0.058455
-0.065639 -0.477345 -0.371792
-0.333494 -0.447874 -0.620216
0.272167 -0.072517 -0.576530
-0.442486 -0.930872 -0.365973
0.100864 -0.377864 -0.146961
-0.778882 -0.817228 -1.023913
-0.535610 0.438886 0.027180
-0.402833 -0.546452 -0.107487
0.026557 -0.306239 -0.507304
####
-0.480938 -0.235499 0.224080
0.011026 -0.199614 -0.061103
-0.067331 0.363524 -0.443614
-0.070206 -0.200033 -0.065989
0.390104 0.351805 -0.098571
-0.060273 -0.171206 -0.238228
-0.052507 0.071962 -0.025659
-0.092681 0.571848 -0.468350
-0.200262 0.419545 1.061040
0.414057 -1.388840 -0.613301
0.267223 0.631056 0.535842
-0.325868 -1.202182 -0.014937
0.247734 0.266884 -0.044892
-0.274682 -0.153720 0.353731
0.574415 0.392499 0.059911
-0.120184 -0.474442 -0.320908
-0.186864 -0.263211 -1.318865
-1.414611 -0.415789 0.034216
0.138796 0.138796 -0.789783
-0.090840 0.024398 -0.272413
-0.318504 -0.270632 -0.366172
-0.356597 -0.202658 -0.097338
####
-0.069848 -0.016166 -0.753407
0.537382 0.116101 -0.370171
-0.341447 0.005474 0.149093
0.366639 0.098551 -0.063148
-0.091872 -0.207114 -0.187965
-0.048830 0.051854 -0.072615
-0.017212 0.193429 -0.164536
0.034141 0.868060 0.552100
-0.782584 -0.543220 0.740906
-0.072932 -0.195588 -0.645592
-0.398042 0.013664 0.221380
0.350636 0.109095 0.003775
-0.214288 0.056182 0.305120
0.049439 -0.256947 0.196714
-0.455634 -0.437785 -0.198421
-0.964388 -1.079283 -0.624292
-0.212586 0.418785 -0.328031
-0.280052 -0.213030 -0.289727
-0.213131 -0.193047 -0.288792
-0.374298 -0.392754 -0.249135
-0.160473 -0.141324 -0.407467
####
-0.224998 0.129261 0.267407
0.162087 0.286150 0.410619
0.121773 0.370712 0.269850
-0.074834 -0.541293 -0.407249
-0.043387 0.042784 0.034277
-0.071043 -0.131446 -0.198468
-0.495708 -0.304217 0.075470
-0.068148 -0.171387 -0.525646
-0.422471 -0.087361 0.261536
0.213663 0.318983 0.125463
-0.066028 -0.209368 -0.104048
-0.163099 0.018818 -0.605158
-0.241325 0.058243 0.690164
0.889043 0.678403 0.119678
-0.416497 0.030317 0.844155
0.922371 0.572900 0.437259
0.063851 0.418538 0.648327
0.873649 0.107684 -0.687495
-1.731122 -1.794158 -1.334579
-0.385917 0.054513 0.073148
0.322087 -0.068218 -0.029919
0.257317 0.115136 0.095987
0.142782 0.181080 0.165211
0.174786 -0.160223 -0.935762
-0.768282 -0.481045 -0.365379
-0.576019 -0.723809 -0.503594
0.249224 0.459864 0.194322
0.194322 -0.255498 -0.379967
0.061970 0.234312 0.075880
-0.297528 -0.086871 -1.321990
-1.110164 -1.186761 -0.919869
-0.383695 -0.146979 -0.089532
-0.026952 -0.371636 -0.065250
-0.131126 -0.265170 -0.069895
-0.232662 -0.524778 -0.524778
####
-0.085914 0.048130 0.087270
0.106419 0.229480 0.085861
0.475996 -0.222947 -0.256702
-0.132233 -0.061034 -0.080183
-0.157474 -0.073068 -0.140090
-0.126094 0.094121 -0.024908
-0.130228 0.103965 0.075242
-0.106675 -0.192264 0.037525
0.194587 0.146714 0.145961
0.088514 0.195664 0.032897
0.077146 -0.037749 -0.211221
-0.201646 -0.297392 -0.206671
-0.254543 0.051283 0.133970
-0.114969 -0.537270 -0.307480
0.157970 -0.110117 -0.048856
-0.240347 -0.137208 0.083006
0.293647 0.042677 -0.023811
-0.042960 -0.075901 0.000696
0.000696 -0.518753 -0.423007
-0.500322 -0.308831 0.056721
0.382256 0.566981 0.183999
-0.141687 -0.304455 -0.058392
0.343740 0.558410 0.512577
0.091296 -0.248104 0.125304
0.601410 0.132257 -0.547196
-0.355705 0.400686 0.512655
0.177545 0.025306 -0.012993
0.049774 -0.170441 0.145879
0.480989 0.835383 0.567295
0.000523 -0.487779 -0.325012
0.176087 0.511197 0.664165
0.829351 0.044237 -0.911615
-1.361619 -1.161404 -1.123105
-0.299428 0.504835 0.278399
0.163505 0.201803 -0.002256
0.003026 0.041325 -0.160127
-0.016508 0.309027 -0.975803
-1.224742 -0.843186 -0.450629
0.160981 0.256727 0.188962
-0.079125 -0.245982 -0.590666
-0.610171 -0.437829 -0.308297
-0.101971 0.118244 0.061184
-0.034562 -0.365216 -0.652452
-0.623697 -0.432206 -0.288588
-0.374075 -0.527268 -0.507674
-0.517249 -0.691679 -0.423591
-0.376658 -0.041549 -0.098976
-0.108550 -0.244562 -0.225413
-0.215838 -0.189616 -0.093871
0.254034 0.369082 -0.080922
0.340060 -0.799313 -1.429870
-1.372422 -1.062033 -0.372664
0.323122 -0.404545 -0.136457
-0.134023 -0.175080 -0.165505
-0.196146 -0.311041 -0.435510
####
-0.082551 -0.302351 -0.369373
-0.207554 -0.025637 0.245409
0.178388 0.105759 0.278101
-0.117807 0.188579 0.129000
0.004531 -0.170083 -0.055188
0.019702 -0.044916 -0.102363
-0.188534 -0.021112 -0.088134
-0.169949 0.002509 -0.121960
-0.431302 -0.488749 0.360809
0.150169 0.132152 -0.269980
-0.251018 -0.136123 0.176088
-0.005828 0.243798 0.033158
-0.125299 -0.067852 0.010536
-0.027762 -0.082814 -0.006217
-0.206206 0.017833 0.448688
-0.148826 -0.531809 -0.321425
0.051982 0.002304 0.279966
0.621411 0.267153 0.001003
0.326538 0.333095 0.323521
0.403462 0.197539 0.178389
0.369881 0.293352 -0.137503
0.116140 0.629591 0.543420
-0.131254 -1.375946 -1.531327
-1.052598 -0.115186 0.507161
0.338502 0.223608 0.030951
-0.083943 0.085787 0.267704
0.307500 0.020264 -0.169887
0.002455 0.120552 0.063105
-0.712053 -0.196204 -0.808976
-0.591970 -0.687716 -0.777067
-0.681322 -0.110769 0.195617
-0.315972 -0.287249 -0.001637
-0.183553 -0.214864 -0.186140
-0.191257 -0.254940 -0.245365
-0.207067 -0.025864 0.242225
0.374311 0.195017 -0.168817
-0.037554 -1.397142 -1.196786
-1.292532 -0.929261 -0.440958
-0.170043 -0.160468 -0.067959
-0.422217 0.000586 0.067608
-0.123107 -0.285874 -0.276204
-0.381524 -0.298915 -0.279766
####
-0.009849 -0.394328 -0.135815
0.081477 0.196372 0.031121
-0.007177 -0.026253 -0.016678
0.153211 -0.009557 0.225514
0.072321 -0.095937 -0.210832
0.065799 0.037075 0.011475
-0.189591 -0.180326 -0.132454
-0.028363 -0.018788 -0.025231
-0.182140 -0.172566 -0.469377
-0.042662 0.483939 0.081197
-0.139018 -0.515465 -0.458018
0.081872 0.139320 0.449299
0.162062 -0.027982 -0.104578
-0.197099 -0.120502 -0.189369
-0.070552 -0.074081 -0.447489
-0.222511 0.045577 -0.175691
0.063673 0.361324 0.437920
0.506386 0.286171 0.015610
0.235825 0.135384 0.068362
0.407941 0.273897 0.024130
0.139024 0.353051 0.113687
0.041434 -0.063886 0.134927
0.600155 0.724624 -0.165810
-1.307792 -1.355664 -0.725678
0.384971 0.392391 -0.277829
-0.338267 -0.041456 0.286852
0.545365 0.301492 -0.071916
-0.431749 -0.297705 0.100779
-0.674178 -0.934449 -0.111037
-0.721310 -0.692586 -0.376966
-0.309945 -0.185102 -0.003185
-0.486527 -0.381207 -0.028257
-0.286771 -0.241814 -0.193940
-0.232126 -0.318297 -0.155493
-0.174642 -0.161624 -0.161624
-0.057999 -0.010126 0.269774
0.250300 -0.257152 -0.238003
-1.234595 -1.282468 -1.043544
-0.650987 -0.437976 -0.083716
0.066494 -0.527129 0.113042
0.084318 -0.249048 -0.306496
-0.316314 -0.345037 -0.400692
####
-0.286303 -0.120685 -0.024939
0.126553 0.260597 0.231168
-0.046494 0.024589 -0.281797
-0.046465 0.154601 0.047469
-0.134448 -0.092769 -0.133379
0.000665 0.134499 0.010030
-0.100176 -0.138474 -0.140640
-0.092495 0.003250 -0.007714
-0.046012 -0.026168 -0.016594
-0.072837 -0.060709 -0.060709
-0.012248 -0.040972 -0.004778
0.033520 -0.062620 -0.099503
-0.118652 -0.070884 0.053586
0.034333 -0.023115 -0.012609
-0.050907 -0.087508 -0.039635
0.030855 0.011706 -0.040689
-0.088562 -0.082784 -0.063635
-0.034471 -0.139791 -0.115756
-0.175332 -0.022139 0.104058
-0.001262 0.014214 0.014214
-0.376615 -0.280869 0.224843
0.100374 0.294742 -0.040368
-0.090363 -0.128662 -0.036525
0.025969 -0.087656 -0.030208
-0.141622 -0.266091 -0.164196
0.371979 0.750409 0.482321
0.174980 -0.131406 -0.145155
0.036761 0.135334 0.302330
0.350203 0.393975 0.173760
-0.059202 -0.174097 -0.248934
-0.258600 -0.182004 -0.103751
0.049442 0.151243 0.199116
0.165685 -0.009734 0.018990
0.013110 0.041834 -0.004715
-0.023865 0.016034 0.042482
0.080780 0.072455 0.024582
0.060835 0.041686 -0.031140
-0.059863 0.016838 0.074285
0.147408 0.204855 0.208313
-0.002327 -0.070886 0.044009
0.124957 0.335597 0.583159
0.282165 -0.445502 -0.780930
-0.790504 -0.101326 0.540170
0.220234 -0.105301 -0.319655
-0.357953 0.038333 0.076631
-0.021533 -0.126853 -0.255319
-0.951106 -0.129761 -0.713809
-0.673398 -0.596802 -0.650295
-0.066248 0.095922 -0.133866
-0.045308 -0.083606 -0.305289
-0.381886 -0.103806 -0.160552
-0.352044 -0.386654 -0.338781
-0.268282 -0.287432 -0.228254
-0.323147 -0.313573 -0.322788
-0.303639 -0.323222 -0.265775
-0.226276 -0.273893 -0.273893
-0.291836 -0.291836 -0.290458
-0.290458 -0.309391 -0.280145
-0.260995 -0.307764 -0.298189
-0.258130 -0.286854 -0.303750
-0.313324 -0.302971 -0.312545
-0.293245 -0.245373 -0.301101
-0.253227 -0.259539 -0.259539
0.021621 0.203537 0.503172
0.280339 -0.839884 -1.024501
-1.206417 -1.509312 -0.810369
0.001397 0.049271 0.012902
-0.398804 0.043186 -0.052559
-0.185184 -0.357527 -0.372128
####
-0.027380 -0.047233 -0.190852
-0.144095 -0.345161 0.106043
0.374131 0.469503 0.074722
-0.126344 0.065849 -0.125643
0.058672 -0.046648 -0.247643
-0.487007 -0.100191 -0.014019
0.147623 0.013580 -0.109952
-0.148250 -0.024110 0.004614
0.011944 0.031093 0.014394
-0.023904 -0.076928 -0.076928
-0.019408 -0.009833 0.020567
0.078510 0.078510 0.191436
-0.076652 -0.277687 -0.459604
-0.447432 -0.227217 0.166726
0.252897 0.000007 -0.028717
-0.096143 -0.048270 0.033122
0.023547 -0.179885 0.002031
-0.112773 0.193613 0.008536
-0.020188 0.098921 0.242160
0.031520 0.160584 -0.193675
-0.946658 -0.573250 0.148874
0.466427 0.351533 0.100130
-0.244554 -0.308732 0.332764
0.449304 0.200365 -0.087152
-0.154174 -0.081614 0.119452
0.193999 -0.016641 -0.153902
-0.096454 0.066281 0.190750
0.222071 0.145475 0.083450
0.016428 0.077020 0.096170
0.159557 0.220742 0.335637
0.557102 0.336887 0.392389
0.478560 0.028288 -1.044063
-0.934367 -0.857771 -0.650594
0.019625 0.284540 0.294115
0.103189 0.045742 -0.123308
-0.257352 -0.046498 0.202441
0.263676 0.225377 -0.209822
-0.451166 -0.594785 -0.674473
-1.181925 -0.744509 -0.859403
-0.576508 -0.081690 0.138525
0.107698 -0.236985 -0.079892
0.063726 -0.082767 -0.283833
-0.174458 -0.452120 -0.386102
-0.242483 -0.261126 -0.261126
-0.316568 -0.393165 -0.345788
-0.345788 -0.249354 -0.306802
-0.315751 -0.287027 -0.323871
-0.410042 -0.321351 -0.281744
-0.339191 -0.307445 0.008516
0.402887 0.240119 0.240535
-0.161596 -1.270890 -0.648544
-0.791529 -0.848976 -0.624042
-0.365529 -0.155195 -0.250940
-0.288905 0.122801 -0.583246
-0.228988 -0.145590 -0.212611
####
-0.056701 -0.200836 -0.027557
-0.008408 -0.085638 -0.037765
0.054795 0.160115 0.007458
-0.251055 -0.193756 0.294547
0.026459 0.268071 0.028707
-0.124956 -0.410596 -0.085061
0.010684 -0.045714 -0.007416
-0.090509 -0.071360 -0.087851
-0.068702 -0.096916 -0.086645
-0.000474 -0.055919 -0.094217
-0.047044 -0.037470 -0.066768
-0.057193 0.049529 -0.065365
-0.138488 -0.071466 0.012222
-0.006927 -0.066340 -0.028042
-0.036695 -0.046270 -0.078871
-0.040573 -0.044101 -0.005803
0.023554 -0.081766 0.009239
-0.105267 -0.229736 -0.302731
-0.120814 -0.086284 0.038186
-0.029536 0.123657 -0.203667
0.093144 0.316861 0.048773
-0.200166 -0.205792 -0.062173
0.016450 -0.088870 -0.040083
-0.040083 0.228717 -0.244428
-0.236080 -0.466358 0.452800
0.690329 -0.190531 -0.736716
0.019674 0.671616 0.642892
0.006066 -0.252447 -0.070531
0.050500 0.213268 0.387630
0.172211 -0.210772 -0.172473
0.051284 0.214051 0.158098
0.004905 -0.097380 -0.193125
-0.090483 -0.096358 -0.077209
0.028941 0.105537 0.086254
0.028807 0.040643 0.050218
0.052384 -0.005063 -0.043544
0.023478 -0.032185 -0.003462
0.063661 0.111534 0.079320
0.088895 0.158134 0.129411
0.141016 0.217613 0.235008
-0.004356 0.005823 0.082074
0.340587 0.556724 -0.237965
-0.836943 -0.875241 -0.596156
0.083637 0.458095 0.151709
0.305681 0.276957 -0.106025
-0.455443 -0.340549 -0.064877
0.174487 0.119221 0.080923
0.146293 -0.410093 -0.517732
-0.409234 -0.361362 -0.602472
-0.334385 -0.485373 -0.332180
-0.324511 -0.314936 -0.241529
-0.193655 -0.614936 -0.234699
-0.062357 0.097825 -0.347816
-0.252070 -0.299944 -0.368212
-0.253317 -0.240995 -0.240995
-0.411055 -0.324884 -0.266917
-0.401564 -0.363265 -0.220675
-0.230249 -0.364205 -0.278034
-0.268188 -0.373507 -0.335224
-0.316075 -0.230412 -0.297434
-0.258632 -0.268207 -0.306217
-0.315792 -0.334550 -0.277102
-0.400520 -0.180305 -0.033902
-0.110498 -0.322638 -0.427959
-0.256702 0.009123 0.305935
0.000428 0.000428 -0.663413
-0.797457 -1.198958 -0.327673
-0.559592 -0.435123 -0.325865
-0.354588 -0.517356 -0.611471
-0.352959 -0.143174 -0.124024
0.169507 -0.414541 -0.290370
####
-0.179329 0.069610 -0.124548
-0.153272 -0.076675 -0.047530
0.131084 0.016190 0.006615
-0.095663 0.296894 0.015652
0.073100 0.174412 -0.036228
-0.287583 -0.297158 -0.278428
0.152427 0.001830 0.020979
-0.076796 -0.076796 -0.107382
-0.059509 0.064960 0.031224
-0.054948 -0.036173 -0.072364
-0.129812 -0.043641 -0.026122
-0.023631 -0.157675 -0.144737
-0.230908 -0.044903 0.213610
0.108968 -0.187843 -0.434132
0.044596 0.093208 0.131507
-0.059350 -0.049775 0.007209
-0.002365 -0.175700 -0.166126
-0.090048 0.064807 -0.126684
0.430446 0.296403 -0.287646
-0.583262 -0.244775 0.205229
0.454168 0.185743 0.042125
-0.117579 -0.289921 -0.221553
0.171004 0.387564 0.282244
0.202366 0.010875 0.098612
0.270954 0.394149 0.173934
-0.161269 -0.400633 -0.209142
0.119751 0.349541 0.324689
0.222177 0.068984 0.030686
0.016805 0.350777 0.618864
0.406667 -0.388021 -0.650073
-0.343687 0.351032 0.370181
-0.320906 -0.837933 -0.837931
-0.177287 0.232595 0.424086
0.421363 0.249021 0.106263
-0.219272 -0.519395 -0.080226
-0.128098 -0.586321 -0.796961
-0.758662 -0.799795 -0.681788
-0.432850 -0.193485 -0.093210
-0.064487 -0.359729 -0.551220
-0.478403 -0.009250 0.251386
0.002447 -0.395323 -0.232555
-0.348104 -0.185336 -0.218942
-0.285963 -0.449915 -0.411616
-0.373319 -0.280291 -0.184546
-0.135311 -0.221906 -0.269778
-0.317652 -0.054723 0.206831
0.024915 -0.003156 -0.319117
-0.419898 -0.276280 -0.681691
-0.078494 -0.696291 -0.820761
-1.056941 -0.616511 -0.156017
0.054623 -0.132320 -0.266365
-0.374456 -0.393605 -0.281374
####
-0.188320 -0.159596 0.345146
-0.171880 -0.632937 -0.182933
0.221789 0.317534 0.056227
-0.125690 0.161166 -0.194281
-0.060237 0.074321 0.055172
-0.062301 -0.014428 -0.239745
0.018768 0.047530 -0.029067
0.001951 -0.084220 -0.368012
-0.128648 0.101148 0.168169
0.091292 0.005121 -0.083429
-0.093003 0.004901 0.004901
0.009762 -0.028536 -0.117891
-0.146615 -0.031011 -0.024200
-0.014626 -0.077834 -0.087408
-0.002414 -0.002414 -0.038227
-0.028652 0.029352 -0.072158
-0.139180 -0.124215 -0.085917
-0.171550 0.039090 -0.018673
-0.066546 -0.031161 0.169905
0.009587 -0.220203 -0.131508
0.059983 0.038218 -0.167572
-0.244168 -0.154379 0.104135
0.056516 -0.020081 0.118815
0.009713 -0.325397 -0.050985
0.580936 0.008358 -0.508668
-0.494328 -0.245390 -0.040910
0.169731 0.534738 0.367140
-0.121162 -0.178435 -0.149712
-0.190770 0.220937 0.108918
-0.053849 0.033750 0.091197
0.192035 0.421824 0.299810
0.002999 -0.272054 -0.348651
-0.046936 0.316898 0.373864
0.124926 0.023753 0.062051
0.086428 0.057704 0.085693
0.018671 0.045232 0.068923
-0.045972 -0.174890 -0.165316
-0.019213 0.105256 0.265371
0.313244 0.243240 0.178202
-0.042012 -0.232014 -0.059672
0.333581 0.314431 0.168836
-0.252445 -0.431043 -0.287425
-0.030065 -0.125810 -0.135873
-0.001829 0.118602 0.042000
-0.101619 -0.166694 -0.023076
-0.248174 -0.315196 -0.029460
0.256117 -0.213037 -0.487105
-0.860514 -0.263349 -0.531437
-1.024278 -0.459378 -0.246344
0.050468 0.074491 -0.420846
-0.315526 -0.615300 -0.289764
0.079778 -0.044691 -0.251741
-0.309189 -0.412618 -0.431766
-0.128763 -0.033018 -0.164177
-0.393966 -0.493988 -0.407817
-0.409671 -0.304351 -0.257184
-0.238035 -0.322679 -0.370551
-0.351028 -0.284006 -0.272786
-0.253636 -0.262851 -0.281422
-0.262273 -0.279244 -0.336692
-0.308880 -0.251432 -0.250135
-0.259710 -0.236651 -0.276547
-0.333995 -0.203758 0.198373
0.014789 -0.119255 -0.282095
-0.550182 -0.574453 -0.746796
-0.303997 -0.447616 -0.307574
-0.336298 -0.715775 -0.813985
-0.277809 -0.001740 -0.020890
-0.115497 -0.278265 -0.103266
####
0.032633 0.118804 -0.215749
-0.206174 -0.083157 0.012589
0.012589 0.070898 0.301117
0.770271 0.071328 -0.434531
-0.377084 -0.348360 -0.037726
-0.047745 -0.028596 -0.035664
-0.016515 -0.016515 -0.073317
-0.063742 -0.083439 -0.035566
0.030975 0.021400 -0.022540
-0.051263 -0.075425 -0.132873
-0.123079 -0.055073 -0.007200
0.025428 0.006279 -0.000943
-0.087114 -0.104498 -0.094924
-0.084643 -0.055919 -0.017807
0.030066 -0.010506 -0.067954
-0.091127 0.004618 0.071565
0.014117 -0.064333 0.021838
-0.050207 -0.107654 -0.176500
-0.277687 -0.325560 -0.072910
0.156880 0.129267 0.052670
-0.031562 -0.232628 -0.189168
-0.170019 0.103695 0.046247
0.231153 -0.036934 -0.133058
-0.152207 0.082957 0.140405
0.504660 -0.079389 0.037654
0.382338 -0.115539 -0.426389
-0.569905 0.081165 0.713086
0.638936 -0.088731 -0.414266
-0.551819 -0.166548 0.254732
0.432458 0.355861 0.173945
0.028214 -0.096255 -0.076704
-0.009683 0.053454 0.110902
0.142773 0.085326 0.118010
0.060563 -0.035100 -0.075356
0.029965 0.116853 0.164726
0.106211 0.039189 0.036754
0.017605 0.015511 0.034660
0.063883 0.130905 0.233132
0.194834 0.172086 -0.009831
0.099211 0.319426 0.556410
0.355344 -0.010729 -0.173496
0.339138 0.682963 0.223384
-0.589046 -0.885858 -1.143088
-0.357974 0.419919 0.381620
-0.013938 -0.119258 -0.311914
-0.101274 -0.012952 0.025347
0.142739 -0.039178 -0.193633
-0.538318 -0.756575 -0.670404
-0.669996 -1.321067 -0.765742
-0.546070 -0.337894 0.198280
0.437645 0.268224 0.201201
-0.392421 -0.294918 -0.394602
-0.318006 -0.289057 -0.193311
-0.231609 -0.344711 -0.277689
-0.277564 -0.325438 -0.316226
-0.297077 -0.306870 -0.249423
-0.286861 -0.277287 -0.276222
-0.343609 -0.324460 -0.296217
-0.286642 -0.227457 -0.275330
-0.283208 -0.311932 -0.292003
-0.292003 -0.319503 -0.290779
-0.307878 -0.221707 -0.285222
-0.400116 -0.253711 -0.129241
-0.258444 -0.133975 -0.167943
-0.053048 0.210177 0.245102
0.139782 -0.428224 -1.366530
-0.664269 -0.932357 -1.121035
-0.575284 -0.330632 -0.196589
0.189045 -0.452451 -0.062116
-0.062116 -0.268382 -0.459873
####
0.011849 -0.675406 0.023536
0.241726 0.111767 -0.012702
0.189949 0.103778 0.003756
0.070778 -0.094257 0.020638
-0.111983 -0.351347 0.043726
-0.205212 -0.013721 0.190318
-0.074456 -0.227649 -0.111619
0.089447 0.000902 0.000902
0.173244 0.195208 0.061164
0.119351 -0.321078 -0.213717
-0.252015 -0.117188 -0.127368
-0.194390 -0.099444 0.053749
0.076408 0.009386 -0.057424
-0.086148 -0.037083 0.001215
-0.003354 -0.099100 -0.085993
-0.018971 -0.042470 -0.071193
-0.080529 -0.061379 -0.013288
-0.022863 -0.048684 -0.029535
-0.055982 -0.055982 -0.025536
0.013274 0.089870 0.072857
0.053708 -0.049402 -0.125999
-0.024525 -0.024525 -0.108622
-0.003302 -0.070323 -0.201128
-0.497939 -0.354930 0.104649
0.111304 -0.051463 0.138377
-0.005241 -0.292081 -0.100590
0.022037 0.318848 0.014655
-0.033218 0.078367 0.116665
0.632377 -0.091774 -0.934335
-0.715980 -0.266138 0.059397
0.050000 0.222342 0.224004
0.396346 0.213993 0.137397
0.003997 -0.053451 0.079884
0.118182 0.156481 0.278901
0.548297 0.050420 -0.346710
0.017123 0.382479 0.056944
-0.335613 -0.195407 0.110979
0.268743 0.230444 -0.010007
-0.153626 -0.164029 0.109026
0.271793 0.160876 -0.040190
-0.108832 -0.080108 0.048714
0.087013 0.025582 0.063880
0.150738 0.122014 0.020100
0.010525 -0.036900 0.010973
0.065898 0.046749 -0.005862
0.032436 0.055416 0.074565
0.122741 0.036570 0.008044
0.132371 0.199393 0.234550
0.339870 0.307093 0.230497
0.382512 0.296341 0.381531
0.362382 0.467702 0.342082
-0.098348 -1.144833 -1.345898
-0.700063 -0.546870 0.070033
0.558336 0.282167 -0.119965
-0.066985 0.478765 0.317507
-0.065476 -0.193903 0.035886
-0.343705 -0.886698 -0.752654
-1.360884 -0.835691 -0.519730
-0.376042 -0.289871 -0.072121
0.023625 0.105652 0.000332
-0.036677 -0.151572 -0.148812
-0.302005 -0.244557 -0.502197
-0.328798 -0.252202 -0.463332
-0.559078 -0.595010 -0.537562
-0.451391 -0.510223 -0.366605
-0.115021 -0.172468 -0.017867
-0.276380 -0.182977 -0.059566
-0.117014 -0.285985 -0.420029
-0.525195 -0.467748 -0.287669
-0.191923 -0.201204 -0.296950
-0.286417 -0.343864 -0.351991
-0.323267 -0.267356 -0.200334
-0.257200 -0.333796 -0.313408
-0.380430 -0.284752 -0.256028
-0.341633 -0.312909 -0.254815
-0.224407 -0.348877 -0.451556
-0.298363 -0.113024 -0.160896
-0.151527 -0.151527 0.111469
0.216789 0.092320 0.045178
-0.730361 -0.084114 -1.041571
-1.113396 -0.893181 -0.762826
-0.485164 -0.204565 0.130545
-0.428516 -0.198728 0.093830
-0.135960 -0.383613 -0.326165
####
-0.147780 0.187330 -0.146219
-0.414307 -0.103852 0.068490
-0.072695 -0.273761 -0.053673
0.386757 0.310532 0.243510
0.012234 -0.351599 -0.054788
0.250262 -0.170734 -0.457971
-0.192164 -0.000673 0.093112
0.035664 -0.029563 -0.048712
-0.018687 -0.066559 -0.175454
-0.060559 0.030350 0.011201
-0.390283 -0.208366 0.061805
0.310743 0.046419 -0.461033
-0.395079 0.186951 0.215675
0.344987 -0.124167 -0.254462
-0.005523 0.194486 0.232784
0.142540 -0.010653 -0.625883
-0.137581 0.965425 0.419675
-0.627026 -0.531280 0.003708
0.740949 1.187838 0.996347
-0.439837 -0.810108 -0.535254
0.106242 0.497619 0.172084
-0.126875 -0.088577 0.236198
0.590457 0.625942 0.175938
0.016722 0.150766 0.468734
0.631502 0.481963 -1.078691
-2.105060 -1.090157 -0.009080
0.680288 0.492991 -0.034591
-0.111187 0.270354 0.155459
-0.244740 -0.350060 -0.707699
-0.372589 -0.193875 -0.327919
-0.446359 -0.254868 -0.729604
-0.270025 -0.471849 -0.749512
-0.816801 -0.443393 -0.034214
-0.120385 -0.015065 -0.240453
0.010243 0.077266 -0.025634
-0.284147 -0.403337 -0.422486
-0.280470 -0.261321 -0.045157
0.012290 0.094901 0.066177
0.094551 0.180722 -0.584246
-0.909780 -0.744490 -1.663647
-1.030963 -0.255424 -0.194507
-0.116344 -0.413155 -0.176774
0.053016 -0.103513 -0.208833
####
-0.034288 -0.034346 0.080549
-0.128683 -0.119108 0.043239
0.445370 0.250578 0.212280
-0.205355 -0.157482 -0.186115
-0.377606 -0.126153 -0.087855
-0.056112 0.097081 0.154719
0.020902 -0.055694 -0.103567
-0.110646 -0.131226 -0.064204
-0.086552 0.057067 -0.014176
-0.397158 -0.293062 0.262262
0.206967 -0.051546 -0.297320
-0.297320 -0.024078 0.129115
0.251305 -0.026357 -0.211318
-0.067700 0.053206 -0.061689
-0.228642 -0.089727 -0.537058
-0.450887 0.444714 0.214925
-0.533616 -0.255954 0.393850
0.997047 0.863660 0.078546
-0.424962 -0.463261 -0.328345
0.025913 0.093275 0.131573
0.306319 0.200027 0.085132
0.133005 0.237149 0.166795
0.071050 0.388164 0.522207
0.499111 -0.075362 -1.337249
-1.318100 -0.648203 0.108187
0.530975 0.425655 0.054233
-0.118109 0.107953 0.261146
-0.097192 -0.374854 -0.329272
-0.061184 0.134717 -0.384348
-0.564559 -0.133703 -0.977517
-0.699855 -0.743302 -0.657131
-0.143250 -0.009206 -0.276577
0.087256 -0.062272 -0.359084
-0.111217 -0.178238 -0.320914
-0.340063 -0.327903 -0.296417
-0.305991 -0.258119 -0.168362
0.001623 0.106943 0.105680
-0.047514 -0.343871 -0.564086
-0.523933 -1.203727 -0.730386
-0.663363 -0.629422 -0.265589
-0.075265 -0.295480 -0.266054
-0.093712 -0.172688 -0.249286
-0.312339 -0.235742 -0.148025
####
-0.080871 0.062748 -0.175563
0.169121 0.200781 0.095460
0.114576 0.315642 -0.036383
0.068937 -0.006234 -0.408365
-0.590282 -0.136194 0.074446
0.167308 0.023689 -0.067453
-0.068713 -0.020840 0.011449
-0.036424 -0.040671 -0.155565
-0.095825 -0.268167 -0.244111
0.167595 0.260285 0.087943
-0.158423 -0.359488 -0.248939
-0.038298 0.163625 0.192348
-0.511988 0.426319 0.277179
-0.096228 -0.023031 -0.128351
-0.085359 0.288049 0.186585
-0.071928 0.243775 0.617183
0.100157 -0.311326 -0.301751
-0.046980 0.144511 0.177265
0.069156 0.155327 0.297303
0.278154 0.421749 0.258981
0.243452 0.329623 -0.557833
-1.323798 -1.067180 -0.301215
0.440933 0.699446 0.409885
-0.059268 -0.558595 -0.194762
-0.473439 -0.435142 -0.733435
-0.541944 -0.816766 -0.711446
-0.318539 -0.385560 -0.333019
0.174432 0.263441 0.081525
-0.100392 -0.150547 -0.447358
-0.418505 -0.284461 -0.281711
-0.374820 -0.240775 -0.143652
-0.047906 0.184762 0.146463
0.074590 -0.183924 -0.293285
-1.154996 -0.990807 -1.230171
-0.843765 -0.250143 -0.077712
-0.163883 -0.230919 -0.374537
####
0.066590 -0.249370 -0.019364
-0.000215 -0.126119 0.026470
0.246685 -0.003177 0.150016
-0.047347 -0.171816 -0.064615
-0.256106 -0.171012 -0.166646
-0.051751 0.080608 0.004012
-0.087527 -0.106676 -0.012149
-0.002575 -0.020906 -0.059204
0.027300 -0.030147 -0.141179
-0.122030 0.011197 -0.007952
-0.099103 -0.060805 0.025636
-0.007274 -0.045572 -0.049033
-0.020310 -0.049766 0.007681
0.132206 -0.020987 -0.276149
-0.113382 -0.130498 -0.159222
-0.240763 0.075197 0.199301
0.065257 -0.049389 -0.087688
-0.143283 -0.066687 -0.166966
-0.099944 -0.019847 0.296114
-0.064317 -0.160063 -0.036923
-0.209156 -0.084687 0.131254
0.265298 -0.310987 -0.213323
0.064339 0.296934 0.622469
0.401138 -0.154186 -0.241664
-0.155492 -0.014673 0.123980
-0.029212 -0.086559 -0.000388
0.090187 0.090187 -0.010301
-0.077323 0.016594 0.083616
0.055603 -0.001844 0.124287
0.057265 -0.181106 -0.142808
0.084228 0.103377 0.041036
0.084389 0.055665 0.116175
0.192772 0.150577 0.150577
0.386680 0.338807 0.445055
0.272713 0.039510 -0.400920
-0.372453 -0.372453 -0.355236
-0.479705 -0.010617 0.525559
0.155841 -0.179268 -0.262315
-0.233592 -0.037377 0.307307
0.087426 -0.161513 -0.319933
-0.294417 -0.753996 -0.121545
-0.925808 -0.534885 -0.533095
-0.341604 -0.008152 0.010997
-0.441072 -0.096389 -0.192179
-0.335797 -0.021957 -0.154247
-0.364887 -0.383105 -0.411828
-0.239803 -0.239803 -0.402043
-0.296723 -0.229954 -0.306550
-0.353733 -0.296286 -0.199582
-0.324052 -0.447604 -0.323135
-0.248146 -0.257721 -0.372307
-0.304974 -0.266676 -0.303391
-0.284242 -0.281927 -0.339375
-0.164230 0.324072 0.222939
-0.140893 -0.298304 -0.135536
-0.038754 -0.957912 -1.226082
-0.402670 -0.462827 -0.501125
-0.850996 -0.688229 -0.239734
0.162398 -0.591905 -0.208922
-0.174896 -0.241919 -0.294888
####
0.113532 0.017787 -0.173264
0.085249 0.128759 0.071312
0.068165 0.029867 -0.108061
-0.213381 -0.244023 -0.148278
0.155027 -0.160933 -0.058360
-0.125382 0.147243 0.156818
-0.039356 -0.182975 -0.186838
-0.022138 -0.146608 -0.035436
0.108183 0.022012 -0.119864
-0.100715 0.104716 0.152589
0.039491 -0.132851 -0.117846
-0.122757 -0.189779 -0.008695
-0.133164 0.023232 -0.053365
-0.146373 -0.108075 0.046801
-0.010646 -0.103107 -0.093532
-0.058304 -0.039155 -0.048729
-0.008669 -0.027818 -0.053191
-0.101064 -0.097546 -0.075840
0.019906 0.059735 -0.122181
-0.160846 -0.055526 -0.068196
-0.096920 -0.014161 0.014562
-0.036798 -0.084670 -0.056307
-0.056307 -0.028142 -0.037717
-0.065925 -0.065925 -0.064552
-0.007104 0.001823 -0.132220
-0.033978 0.071342 0.065362
-0.161041 -0.352533 -0.297186
-0.000375 -0.091057 0.167456
0.128078 -0.140009 -0.113745
-0.037148 -0.028823 -0.201165
0.126277 0.011382 0.249523
-0.152609 -0.374458 -0.259564
-0.367621 -0.022937 0.159864
0.025820 -0.027301 0.326958
0.578026 0.319513 -0.188767
-0.590899 -0.341313 0.214012
0.318410 0.069472 -0.130104
0.003940 0.194688 0.165964
0.151234 0.303582 0.226985
-0.282517 -0.387837 -0.071877
0.312035 0.177991 -0.052235
-0.042661 0.195827 0.195827
0.061843 -0.176095 -0.137797
-0.134465 -0.086592 0.028412
0.210329 0.250742 0.001803
-0.242192 -0.117722 0.029041
0.163084 0.200272 0.047079
-0.125263 -0.126963 0.093251
0.085452 0.075878 0.074132
-0.005754 0.051693 0.140403
0.102104 0.014879 -0.080867
-0.193587 -0.126565 0.067140
0.162886 0.108469 -0.016000
-0.024281 0.014018 -0.041575
0.025447 0.092112 0.063388
0.093493 0.160515 0.337234
0.193615 0.046115 -0.020907
0.496354 0.903829 0.042119
-0.272802 -0.272802 -0.842929
-0.929100 -0.129872 0.291408
0.236295 0.265019 0.212955
-0.045558 -0.482221 -0.405625
0.160106 0.504790 -0.347841
-0.510609 -0.461059 -0.777019
-0.826184 -0.222987 -0.041623
0.178592 0.050751 -0.121592
-0.395571 -0.290251 -0.380370
-0.437817 -0.124738 -0.258781
-0.353079 -0.333929 -0.125242
0.085399 -0.095084 -0.213476
-0.510288 -0.615170 -0.509850
-0.366231 -0.397296 -0.473892
-0.426215 -0.359193 -0.275588
-0.170268 -0.122522 -0.207169
-0.369936 -0.187642 -0.407857
-0.342738 -0.314014 -0.208947
-0.285543 -0.400322 -0.438620
-0.191348 -0.220072 -0.294883
-0.304457 -0.390628 -0.284980
-0.275405 -0.256620 -0.390664
-0.313993 -0.285166 -0.285166
-0.206335 -0.196760 -0.335839
-0.450734 -0.412594 -0.307274
-0.259504 -0.307377 -0.316178
-0.364051 -0.316017 -0.316017
-0.306204 -0.277480 -0.315886
-0.268012 -0.354274 -0.239379
-0.114251 -0.152549 -0.278633
-0.202036 0.094935 0.387569
0.215227 -0.118550 -1.190901
-0.800616 -0.810191 -0.924083
-0.790039 -0.459419 -0.220056
-0.202211 -0.326681 0.031181
-0.466696 0.057978 -0.047342
####
