3.538000 2.867000 2.867000
4.239500 3.538000 2.867000
3.538000 5.581500 3.538000
4.239500 3.538000 2.867000
4.239500 2.196000 4.239500
2.867000 3.538000 5.581500
2.867000 2.196000 4.239500
3.538000 2.196000 4.239500
2.867000 3.538000 4.239500
4.239500 5.581500 3.538000
3.538000 5.581500 3.538000
2.867000 3.538000 5.581500
2.867000 1.525000 4.239500
1.525000 4.239500 4.239500
2.867000 4.239500 25.406500
26.596000 26.596000 25.406500
25.406500 24.796501 27.206000
27.816000 27.206000 27.816000
27.816000 27.206000 28.395500
26.596000 26.596000 26.596000
24.796501 24.796501 24.217001
25.406500 24.796501 24.217001
24.217001 24.217001 23.027500
24.217001 23.607000 24.796501
23.027500 24.217001 24.796501
24.217001 26.596000 27.816000
26.596000 24.217001 24.796501
27.206000 25.406500 25.406500
25.406500 24.796501 24.217001
25.406500 -47.610500 -47.610500
-46.085500 -47.610500 -47.610500
-47.610500 -47.610500 -47.092000
-47.092000 -46.573500 -45.048500
-46.573500 -47.092000 -47.610500
-47.092000 -47.092000 -47.610500
-49.135500 -50.172500 -48.129000
-49.135500 -47.092000 -49.135500
-49.654000 -49.654000 -50.172500
-48.129000 -48.129000 -49.654000
-47.610500 -48.129000 -47.610500
-48.129000 -48.129000 -46.573500
-47.092000 -48.129000 -46.573500
-49.654000 -47.610500 -49.135500
-48.129000 -49.135500 -47.610500
####
4.239500 3.538000 2.867000
4.239500 3.538000 3.538000
4.239500 5.581500 2.867000
3.538000 1.525000 2.196000
2.196000 2.867000 3.538000
3.538000 3.538000 4.239500
1.525000 2.867000 3.538000
1.525000 2.867000 4.239500
2.196000 2.867000 2.867000
2.867000 3.538000 2.196000
2.867000 3.538000 4.239500
2.867000 3.538000 2.867000
2.867000 4.239500 3.538000
4.239500 3.538000 3.538000
2.196000 2.867000 2.867000
4.239500 4.239500 2.196000
3.538000 3.538000 2.867000
2.867000 2.867000 2.196000
26.596000 23.607000 25.406500
25.406500 26.596000 25.406500
24.217001 24.796501 27.816000
26.596000 26.596000 24.217001
24.796501 27.816000 25.406500
25.406500 26.596000 23.607000
23.607000 24.217001 23.607000
23.607000 23.607000 23.027500
23.607000 25.406500 24.217001
24.217001 23.607000 24.217001
23.027500 25.406500 23.027500
23.607000 24.796501 25.406500
24.217001 24.217001 24.796501
24.217001 23.607000 24.217001
25.406500 24.796501 25.406500
26.596000 25.406500 24.796501
27.206000 24.796501 25.406500
24.796501 24.217001 26.596000
-47.610500 -47.610500 -47.610500
-48.129000 -46.573500 -49.654000
-47.610500 -48.129000 -49.135500
-48.129000 -48.129000 -46.573500
-47.092000 -47.610500 -48.129000
-47.610500 -49.654000 -49.135500
-50.172500 -49.654000 -49.135500
-46.085500 -49.135500 -49.135500
-49.654000 -49.654000 -50.172500
-48.129000 -48.129000 -49.135500
-50.172500 -49.135500 -49.654000
-49.135500 -49.135500 -49.654000
-50.172500 -49.654000 -49.135500
-47.610500 -46.573500 -49.654000
-50.172500 -47.610500 -47.610500
-47.610500 -47.092000 -48.129000
-49.135500 -49.135500 -48.129000
-47.610500 -49.135500 -49.135500
####
5.581500 2.867000 2.867000
4.239500 3.538000 3.538000
4.239500 2.867000 3.538000
3.538000 4.239500 2.867000
3.538000 3.538000 2.867000
2.867000 2.867000 3.538000
4.239500 2.196000 4.239500
2.196000 2.867000 1.525000
4.239500 2.196000 2.867000
4.239500 4.239500 3.538000
3.538000 4.239500 6.252500
4.239500 2.867000 3.538000
2.867000 2.867000 2.196000
2.867000 2.196000 3.538000
2.196000 2.196000 4.239500
26.596000 26.596000 25.406500
24.796501 24.796501 26.596000
25.406500 26.596000 27.206000
26.596000 26.596000 24.796501
26.596000 24.796501 26.596000
25.406500 24.796501 24.217001
23.607000 24.796501 24.796501
26.596000 24.217001 24.796501
24.796501 23.607000 24.796501
24.217001 23.027500 23.607000
25.406500 24.217001 25.406500
26.596000 24.796501 26.596000
26.596000 25.406500 25.406500
24.217001 26.596000 26.596000
24.217001 25.406500 24.217001
-47.610500 -48.129000 -47.092000
-48.129000 -47.092000 -49.135500
-47.610500 -48.129000 -48.129000
-49.654000 -49.135500 -49.135500
-48.129000 -49.135500 -48.129000
-46.573500 -49.135500 -49.654000
-48.129000 -48.129000 -47.092000
-49.135500 -49.135500 -49.135500
-49.654000 -49.135500 -48.129000
-49.135500 -47.610500 -49.135500
-49.654000 -48.129000 -49.135500
-48.129000 -47.610500 -47.092000
-47.092000 -48.129000 -49.135500
-48.129000 -47.610500 -48.129000
-49.135500 -47.610500 -48.129000
####
4.239500 2.867000 2.196000
3.538000 5.581500 2.196000
3.538000 3.538000 3.538000
2.867000 2.867000 3.538000
2.196000 1.525000 2.196000
3.538000 2.196000 2.196000
4.239500 4.239500 2.867000
3.538000 4.239500 2.867000
2.867000 2.867000 3.538000
6.252500 2.196000 3.538000
2.196000 2.196000 2.196000
4.239500 4.239500 4.239500
4.239500 24.796501 25.406500
25.406500 24.796501 26.596000
26.596000 23.607000 24.796501
25.406500 24.217001 24.217001
24.217001 21.228000 24.796501
25.406500 24.796501 24.796501
25.406500 24.796501 23.027500
23.607000 27.206000 23.607000
24.796501 24.217001 27.206000
24.796501 24.796501 24.217001
24.796501 24.217001 25.406500
24.796501 24.796501 25.406500
25.406500 24.796501 -47.092000
-47.092000 -47.092000 -46.085500
-47.092000 -48.129000 -49.135500
-48.129000 -49.654000 -48.129000
-48.129000 -48.129000 -49.135500
-49.135500 -47.610500 -48.129000
-49.135500 -49.654000 -48.129000
-49.135500 -48.129000 -49.135500
-48.129000 -49.135500 -48.129000
-47.610500 -48.129000 -47.092000
-49.654000 -49.135500 -48.129000
-49.135500 -47.610500 -47.610500
-47.610500 -48.129000 -47.610500
####
3.538000 4.239500 3.538000
2.867000 1.525000 4.239500
4.239500 4.239500 2.867000
5.581500 2.196000 4.239500
3.538000 2.867000 2.867000
2.196000 4.239500 3.538000
4.239500 2.867000 2.867000
3.538000 3.538000 4.239500
5.581500 4.239500 3.538000
4.239500 3.538000 2.867000
3.538000 3.538000 2.867000
3.538000 4.239500 2.867000
5.581500 4.239500 25.406500
25.406500 26.596000 26.596000
27.816000 25.406500 26.596000
25.406500 25.406500 24.796501
24.217001 23.607000 24.796501
23.607000 25.406500 24.217001
24.796501 25.406500 24.796501
24.796501 24.217001 24.217001
24.796501 24.217001 24.796501
24.796501 26.596000 26.596000
27.206000 26.596000 24.796501
24.796501 24.796501 24.796501
25.406500 27.206000 25.406500
24.217001 -47.610500 -47.610500
-47.092000 -47.610500 -47.610500
-49.135500 -49.135500 -47.610500
-47.610500 -48.129000 -48.129000
-47.610500 -49.135500 -48.129000
-49.135500 -49.135500 -49.135500
-47.610500 -49.135500 -48.129000
-48.129000 -49.135500 -49.135500
-50.172500 -49.135500 -48.129000
-47.610500 -48.129000 -46.573500
-47.092000 -46.573500 -47.092000
-48.129000 -49.654000 -47.610500
-48.129000 -49.654000 -46.573500
####
4.239500 3.538000 2.196000
3.538000 1.525000 2.867000
2.867000 2.196000 2.867000
2.196000 4.239500 2.867000
3.538000 2.867000 3.538000
3.538000 3.538000 4.239500
2.867000 3.538000 2.867000
2.867000 2.867000 3.538000
3.538000 2.867000 4.239500
2.196000 2.867000 2.196000
2.196000 3.538000 2.867000
3.538000 3.538000 2.196000
2.867000 27.206000 27.206000
27.206000 27.206000 27.206000
25.406500 25.406500 24.796501
24.796501 24.796501 26.596000
24.796501 24.796501 24.217001
24.217001 25.406500 24.796501
24.796501 25.406500 24.217001
24.796501 24.217001 25.406500
24.217001 24.217001 28.395500
27.206000 26.596000 23.607000
24.796501 26.596000 25.406500
26.596000 25.406500 25.406500
25.406500 26.596000 -47.610500
-49.135500 -47.610500 -49.654000
-47.092000 -46.573500 -47.092000
-47.092000 -48.129000 -48.129000
-49.135500 -47.610500 -47.610500
-47.092000 -48.129000 -47.092000
-50.691000 -49.135500 -49.135500
-49.654000 -48.129000 -47.092000
-49.135500 -47.092000 -48.129000
-48.129000 -48.129000 -48.129000
-47.092000 -48.129000 -49.135500
-47.610500 -48.129000 -47.610500
-48.129000 -48.129000 -48.129000
####
2.867000 3.538000 3.538000
0.183000 2.196000 2.196000
3.538000 2.196000 4.239500
4.239500 2.196000 2.867000
2.867000 2.867000 2.196000
2.196000 2.196000 2.867000
3.538000 2.196000 2.867000
2.867000 0.183000 2.867000
2.196000 0.183000 3.538000
2.196000 2.867000 2.867000
3.538000 4.239500 4.239500
3.538000 2.867000 2.196000
2.867000 2.867000 1.525000
2.867000 3.538000 4.239500
2.196000 3.538000 3.538000
3.538000 4.239500 3.538000
4.239500 3.538000 4.239500
4.239500 3.538000 3.538000
2.867000 2.867000 3.538000
2.867000 3.538000 4.239500
2.867000 2.867000 26.596000
27.816000 27.206000 24.796501
25.406500 25.406500 24.217001
24.796501 25.406500 24.217001
26.596000 25.406500 25.406500
24.796501 23.607000 24.796501
24.217001 25.406500 24.796501
27.206000 26.596000 25.406500
24.796501 25.406500 25.406500
25.406500 24.217001 24.217001
23.607000 23.027500 24.796501
23.027500 23.607000 23.027500
23.607000 24.796501 24.217001
23.607000 24.796501 25.406500
24.217001 23.607000 24.217001
25.406500 24.217001 23.607000
21.807500 25.406500 23.027500
23.607000 23.607000 25.406500
25.406500 24.217001 23.607000
23.607000 23.607000 25.406500
24.217001 24.217001 24.217001
24.217001 -48.129000 -47.092000
-47.092000 -46.573500 -48.129000
-47.610500 -47.610500 -48.129000
-49.135500 -47.610500 -48.129000
-48.129000 -48.129000 -49.135500
-48.129000 -49.135500 -48.129000
-49.135500 -47.610500 -47.610500
-46.573500 -47.092000 -47.092000
-46.573500 -46.573500 -47.610500
-48.129000 -48.129000 -49.135500
-49.135500 -49.654000 -49.654000
-49.654000 -49.135500 -48.129000
-49.135500 -49.135500 -47.610500
-49.135500 -49.654000 -48.129000
-50.172500 -49.135500 -49.654000
-49.654000 -49.135500 -48.129000
-49.135500 -49.654000 -50.172500
-48.129000 -49.135500 -48.129000
-49.654000 -48.129000 -49.135500
-48.129000 -47.092000 -47.610500
-48.129000 -47.610500 -49.135500
####
1.525000 2.196000 0.183000
1.525000 1.525000 -1.159000
2.196000 1.525000 2.196000
1.525000 1.525000 1.525000
2.196000 1.525000 2.867000
2.196000 23.027500 24.217001
24.217001 24.796501 24.217001
24.796501 24.217001 25.406500
24.217001 23.607000 24.217001
24.796501 23.027500 24.796501
23.607000 24.217001 -49.135500
-49.654000 -49.135500 -47.092000
-47.610500 -47.610500 -48.129000
-48.129000 -48.129000 -47.092000
-47.610500 -49.135500 -49.654000
-49.135500 -49.654000 -47.610500
####
1.525000 2.196000 2.196000
-1.159000 1.525000 -0.488000
1.525000 2.867000 1.525000
-0.488000 2.196000 2.196000
-0.488000 1.525000 2.867000
2.196000 24.217001 23.607000
23.607000 25.406500 23.607000
24.217001 26.596000 24.217001
24.796501 23.607000 23.027500
23.607000 24.217001 24.217001
24.796501 23.607000 -49.654000
-49.654000 -49.135500 -49.654000
-48.129000 -49.654000 -48.129000
-47.610500 -47.610500 -48.129000
-48.129000 -47.610500 -48.129000
-47.092000 -47.610500 -48.129000
####
2.196000 2.196000 1.525000
0.183000 2.196000 0.183000
1.525000 2.196000 0.183000
0.183000 1.525000 2.196000
1.525000 2.867000 0.183000
23.607000 23.607000 23.607000
24.217001 23.607000 23.027500
24.796501 24.796501 23.607000
24.796501 24.217001 24.217001
24.796501 24.217001 25.406500
-48.129000 -49.135500 -49.135500
-49.135500 -49.135500 -47.610500
-48.129000 -49.654000 -49.654000
-50.691000 -47.610500 -47.610500
-49.135500 -47.610500 -49.135500
####
1.525000 1.525000 1.525000
0.183000 2.196000 2.867000
0.183000 0.183000 1.525000
3.538000 1.525000 2.867000
2.867000 1.525000 2.196000
2.867000 24.796501 23.027500
23.607000 23.607000 24.796501
24.796501 24.217001 23.607000
23.027500 23.027500 24.796501
24.796501 23.027500 25.406500
23.607000 24.796501 -50.172500
-47.610500 -49.135500 -48.129000
-48.129000 -47.092000 -49.654000
-49.654000 -47.092000 -49.135500
-47.610500 -47.610500 -47.610500
-48.129000 -48.129000 -49.135500
####
2.196000 -1.159000 2.196000
2.196000 -0.488000 0.183000
2.867000 1.525000 2.867000
2.867000 0.183000 2.196000
0.183000 1.525000 2.867000
1.525000 23.027500 24.217001
23.607000 23.607000 24.796501
24.217001 24.217001 24.217001
23.607000 23.607000 24.217001
24.217001 24.796501 23.027500
24.796501 24.217001 -49.654000
-49.135500 -49.135500 -48.129000
-49.135500 -49.135500 -49.135500
-47.610500 -48.129000 -49.654000
-47.610500 -48.129000 -49.135500
-49.135500 -49.135500 -47.610500
####
1.525000 1.525000 2.196000
1.525000 2.867000 2.867000
1.525000 1.525000 2.196000
2.196000 1.525000 2.196000
0.183000 2.196000 2.196000
23.607000 23.027500 21.807500
23.027500 24.217001 23.027500
23.607000 23.607000 24.796501
23.607000 23.607000 23.027500
23.607000 23.607000 23.607000
-49.654000 -49.654000 -49.654000
-48.129000 -48.129000 -48.129000
-49.135500 -49.135500 -49.654000
-48.129000 -48.129000 -49.135500
-49.135500 -49.135500 -47.610500
####
1.525000 2.867000 1.525000
1.525000 1.525000 1.525000
1.525000 2.196000 3.538000
2.196000 2.867000 0.183000
1.525000 2.867000 1.525000
1.525000 23.027500 21.807500
24.796501 23.607000 21.807500
24.217001 24.217001 24.217001
24.217001 24.217001 24.217001
21.228000 23.607000 25.406500
23.607000 24.217001 -50.172500
-48.129000 -48.129000 -47.092000
-48.129000 -49.135500 -50.172500
-49.135500 -49.654000 -49.654000
-47.092000 -48.129000 -49.654000
-49.135500 -48.129000 -48.129000
####
1.525000 2.196000 -0.488000
0.183000 2.867000 2.196000
1.525000 2.867000 1.525000
1.525000 2.867000 0.183000
0.183000 1.525000 2.867000
2.196000 24.217001 24.217001
23.027500 24.217001 24.217001
23.607000 23.027500 24.217001
24.217001 23.607000 25.406500
23.027500 24.217001 24.796501
24.217001 24.217001 -49.654000
-47.092000 -47.610500 -49.654000
-48.129000 -49.135500 -48.129000
-47.610500 -48.129000 -47.610500
-49.135500 -48.129000 -47.092000
-47.610500 -48.129000 -47.610500
####
2.196000 2.867000 2.196000
2.196000 0.183000 0.183000
1.525000 2.196000 2.196000
1.525000 2.867000 2.196000
2.196000 2.867000 -0.488000
0.183000 2.867000 21.807500
21.807500 24.217001 23.607000
24.796501 23.607000 24.217001
23.607000 23.607000 24.217001
24.217001 23.607000 24.217001
24.217001 24.217001 24.796501
25.406500 -49.135500 -48.129000
-47.610500 -49.654000 -49.135500
-48.129000 -48.129000 -48.129000
-48.129000 -47.610500 -47.610500
-49.654000 -49.654000 -49.654000
-48.129000 -47.610500 -48.129000
####
2.196000 2.196000 1.525000
2.196000 2.196000 2.196000
0.183000 2.867000 1.525000
1.525000 1.525000 2.196000
2.867000 3.538000 4.239500
3.538000 24.796501 24.217001
24.796501 21.807500 23.607000
24.217001 24.217001 24.217001
23.607000 24.217001 24.217001
25.406500 24.217001 24.796501
23.607000 23.027500 -49.135500
-46.573500 -49.135500 -47.610500
-48.129000 -47.610500 -47.610500
-47.610500 -47.610500 -49.654000
-48.129000 -48.129000 -47.610500
-48.129000 -48.129000 -47.092000
####
0.183000 2.196000 2.867000
1.525000 2.196000 2.867000
2.196000 0.183000 1.525000
0.183000 -0.488000 2.867000
1.525000 1.525000 2.196000
0.183000 1.525000 1.525000
2.867000 2.196000 2.867000
1.525000 1.525000 24.217001
23.027500 23.607000 24.217001
24.796501 23.027500 24.796501
23.607000 24.217001 24.217001
25.406500 23.607000 21.807500
23.027500 24.217001 24.217001
23.607000 23.607000 25.406500
24.217001 25.406500 25.406500
26.596000 -47.092000 -49.135500
-49.654000 -48.129000 -49.654000
-49.654000 -48.129000 -49.135500
-49.135500 -49.135500 -48.129000
-50.172500 -50.172500 -47.610500
-47.610500 -47.610500 -48.129000
-47.610500 -48.129000 -49.654000
-47.610500 -48.129000 -48.129000
####
0.183000 -0.488000 2.196000
0.183000 0.183000 2.196000
2.867000 2.196000 2.867000
1.525000 2.196000 0.183000
2.196000 1.525000 2.196000
2.867000 1.525000 1.525000
24.217001 24.217001 23.607000
24.796501 23.027500 24.796501
24.796501 23.607000 21.807500
23.027500 24.217001 24.217001
23.607000 24.217001 24.796501
23.607000 25.406500 24.217001
-47.610500 -48.129000 -49.135500
-49.135500 -49.654000 -49.654000
-48.129000 -48.129000 -49.135500
-49.654000 -48.129000 -49.135500
-49.135500 -49.135500 -48.129000
-49.135500 -47.610500 -46.573500
####
0.183000 1.525000 1.525000
1.525000 2.196000 2.867000
1.525000 0.183000 0.183000
1.525000 2.196000 2.196000
1.525000 1.525000 2.867000
1.525000 1.525000 23.607000
24.217001 24.796501 24.796501
24.796501 24.796501 24.217001
24.796501 24.217001 23.607000
24.796501 23.607000 24.217001
24.217001 24.796501 24.796501
25.406500 -48.129000 -49.654000
-48.129000 -47.092000 -49.135500
-47.610500 -48.129000 -49.135500
-48.129000 -49.135500 -47.092000
-48.129000 -49.135500 -47.610500
-48.129000 -47.610500 -48.129000
####
1.525000 0.183000 1.525000
0.183000 1.525000 -0.488000
1.525000 -1.159000 2.196000
-1.159000 1.525000 0.183000
1.525000 2.196000 0.183000
2.196000 1.525000 2.196000
1.525000 0.183000 2.196000
0.183000 1.525000 1.525000
2.196000 2.196000 2.867000
2.196000 2.196000 2.867000
2.867000 3.538000 2.196000
1.525000 1.525000 1.525000
3.538000 2.196000 2.867000
0.183000 2.196000 0.183000
2.867000 26.596000 25.406500
25.406500 23.607000 24.217001
24.217001 24.217001 25.406500
24.796501 24.796501 23.607000
24.796501 25.406500 24.217001
23.607000 24.796501 25.406500
24.796501 26.596000 24.217001
24.796501 23.607000 25.406500
24.796501 25.406500 26.596000
27.206000 26.596000 27.816000
27.206000 28.395500 28.395500
30.805000 30.195000 27.816000
28.395500 29.005500 26.596000
29.005500 27.816000 28.395500
27.816000 26.596000 -47.610500
-47.610500 -49.135500 -49.135500
-47.610500 -49.135500 -49.654000
-47.610500 -47.610500 -49.135500
-49.135500 -50.172500 -49.135500
-48.129000 -49.654000 -48.129000
-49.654000 -48.129000 -48.129000
-47.610500 -49.135500 -49.135500
-49.135500 -47.610500 -50.172500
-47.092000 -48.129000 -47.610500
-46.573500 -47.092000 -45.567000
-45.567000 -45.567000 -46.085500
-46.085500 -46.085500 -47.092000
-46.573500 -47.092000 -46.573500
-46.573500 -47.092000 -47.610500
####
0.183000 0.183000 1.525000
2.196000 0.183000 -0.488000
2.196000 1.525000 2.196000
2.196000 1.525000 2.867000
2.196000 1.525000 1.525000
1.525000 2.867000 2.867000
2.867000 2.196000 2.867000
2.196000 2.196000 0.183000
4.239500 2.196000 3.538000
0.183000 2.196000 2.867000
3.538000 2.867000 1.525000
27.816000 27.206000 27.206000
26.596000 27.816000 27.206000
26.596000 27.816000 25.406500
25.406500 26.596000 27.206000
25.406500 29.005500 27.816000
27.816000 27.206000 24.796501
28.395500 29.005500 30.195000
28.395500 31.415000 29.005500
30.195000 28.395500 29.005500
28.395500 29.005500 28.395500
29.005500 28.395500 29.005500
-47.610500 -46.573500 -47.610500
-47.092000 -47.092000 -47.610500
-47.092000 -47.610500 -47.610500
-46.573500 -46.573500 -47.610500
-47.610500 -47.610500 -46.085500
-46.573500 -47.092000 -47.092000
-47.092000 -45.567000 -46.085500
-45.567000 -46.085500 -45.048500
-45.567000 -46.085500 -47.092000
-46.573500 -46.085500 -45.567000
-47.092000 -45.567000 -47.092000
####
2.196000 2.867000 2.196000
0.183000 1.525000 0.183000
0.183000 0.183000 1.525000
2.196000 1.525000 1.525000
2.196000 0.183000 2.196000
2.867000 3.538000 1.525000
2.867000 3.538000 1.525000
2.196000 2.867000 0.183000
1.525000 2.196000 2.196000
2.867000 2.867000 2.196000
2.867000 1.525000 3.538000
2.196000 27.206000 25.406500
27.206000 24.217001 25.406500
26.596000 26.596000 26.596000
27.206000 26.596000 25.406500
26.596000 24.796501 23.607000
25.406500 27.206000 25.406500
26.596000 28.395500 28.395500
27.816000 27.206000 27.816000
27.816000 28.395500 29.005500
29.005500 28.395500 26.596000
28.395500 27.206000 27.816000
24.796501 27.206000 -46.573500
-47.610500 -46.573500 -47.092000
-47.092000 -47.610500 -47.610500
-48.129000 -48.129000 -49.135500
-49.135500 -47.610500 -49.654000
-49.135500 -47.610500 -47.092000
-49.135500 -46.573500 -47.610500
-45.567000 -46.573500 -46.085500
-47.610500 -46.085500 -46.085500
-45.567000 -46.573500 -47.092000
-47.092000 -49.135500 -47.092000
-46.085500 -46.085500 -47.092000
####
1.525000 -0.488000 -0.488000
0.183000 0.183000 -0.488000
0.183000 2.867000 1.525000
1.525000 2.196000 1.525000
1.525000 2.196000 3.538000
0.183000 1.525000 2.867000
2.196000 4.239500 2.196000
2.196000 2.867000 3.538000
2.196000 1.525000 2.867000
2.196000 2.196000 2.196000
2.196000 2.196000 -0.488000
0.183000 2.196000 -0.488000
1.525000 0.183000 0.183000
2.867000 2.867000 -0.488000
0.183000 3.538000 2.196000
2.196000 0.183000 0.183000
2.867000 2.196000 2.196000
2.196000 0.183000 2.867000
2.196000 2.196000 2.196000
27.206000 28.395500 28.395500
26.596000 26.596000 25.406500
26.596000 26.596000 24.796501
26.596000 24.796501 27.206000
27.206000 25.406500 28.395500
27.206000 27.206000 25.406500
27.816000 27.206000 27.206000
26.596000 26.596000 27.816000
27.206000 27.816000 26.596000
27.816000 27.206000 28.395500
26.596000 27.206000 27.206000
25.406500 27.206000 28.395500
27.206000 28.395500 27.206000
26.596000 30.195000 27.816000
27.816000 28.395500 27.816000
27.206000 28.395500 28.395500
30.195000 28.395500 27.206000
28.395500 29.005500 27.206000
26.596000 27.816000 27.816000
-47.610500 -48.129000 -47.610500
-46.573500 -47.610500 -48.129000
-47.092000 -48.129000 -47.610500
-47.610500 -47.092000 -49.135500
-47.610500 -46.573500 -47.092000
-47.610500 -46.573500 -47.092000
-48.129000 -48.129000 -47.092000
-47.610500 -48.129000 -47.610500
-49.135500 -48.129000 -47.610500
-46.573500 -46.085500 -46.573500
-47.092000 -47.610500 -47.610500
-47.092000 -47.610500 -49.654000
-46.085500 -46.573500 -47.610500
-47.610500 -47.610500 -45.567000
-46.573500 -47.092000 -46.573500
-46.085500 -47.092000 -45.567000
-46.085500 -47.610500 -45.567000
-47.610500 -46.085500 -46.573500
-46.573500 -46.573500 -46.573500
####
1.525000 2.867000 1.525000
0.183000 -0.488000 2.196000
0.183000 1.525000 2.196000
2.196000 2.196000 1.525000
3.538000 0.183000 2.196000
2.196000 2.196000 0.183000
-0.488000 2.196000 1.525000
1.525000 2.867000 1.525000
3.538000 2.867000 4.239500
2.867000 2.867000 2.196000
2.196000 2.867000 3.538000
2.867000 4.239500 2.867000
2.196000 2.196000 2.867000
3.538000 2.867000 1.525000
28.395500 27.816000 28.395500
28.395500 27.816000 27.816000
27.206000 25.406500 26.596000
26.596000 26.596000 26.596000
27.206000 26.596000 26.596000
25.406500 26.596000 27.206000
27.206000 27.816000 27.206000
25.406500 26.596000 26.596000
25.406500 26.596000 27.816000
27.206000 26.596000 28.395500
29.005500 29.005500 29.005500
29.005500 30.195000 27.206000
28.395500 28.395500 28.395500
27.206000 29.005500 27.206000
-47.610500 -49.135500 -47.610500
-47.610500 -47.092000 -47.092000
-48.129000 -46.573500 -46.085500
-47.092000 -47.610500 -47.092000
-48.129000 -46.573500 -49.135500
-47.610500 -47.610500 -47.092000
-47.610500 -47.610500 -47.092000
-47.092000 -47.092000 -47.610500
-47.092000 -47.610500 -48.129000
-46.573500 -48.129000 -46.573500
-46.085500 -47.092000 -45.567000
-44.011500 -45.567000 -47.092000
-45.567000 -46.085500 -47.092000
-44.011500 -46.573500 -46.573500
####
0.183000 -0.488000 -1.159000
2.196000 -0.488000 1.525000
2.196000 1.525000 2.867000
0.183000 2.867000 3.538000
2.196000 2.867000 2.867000
2.196000 1.525000 2.196000
2.867000 2.867000 2.867000
3.538000 2.196000 2.196000
1.525000 2.196000 3.538000
3.538000 3.538000 2.867000
2.867000 3.538000 2.867000
1.525000 2.867000 2.867000
2.867000 1.525000 1.525000
2.867000 0.183000 2.867000
2.867000 2.196000 2.196000
1.525000 1.525000 2.196000
2.196000 1.525000 2.867000
1.525000 -0.488000 0.183000
2.867000 1.525000 27.816000
27.816000 26.596000 27.816000
26.596000 27.206000 26.596000
25.406500 24.796501 27.816000
24.796501 26.596000 26.596000
26.596000 27.206000 26.596000
27.206000 26.596000 27.206000
25.406500 25.406500 27.206000
27.206000 27.816000 24.796501
26.596000 28.395500 26.596000
27.206000 24.796501 27.816000
25.406500 27.206000 28.395500
27.206000 26.596000 26.596000
27.206000 27.206000 26.596000
27.206000 28.395500 27.816000
30.195000 29.005500 29.005500
27.816000 29.005500 27.206000
29.005500 27.816000 29.005500
28.395500 27.206000 28.395500
27.816000 -46.573500 -47.610500
-47.092000 -47.092000 -47.092000
-48.129000 -47.092000 -48.129000
-47.092000 -46.573500 -49.135500
-46.573500 -47.092000 -48.129000
-47.092000 -47.092000 -48.129000
-46.085500 -47.610500 -47.610500
-48.129000 -47.610500 -47.610500
-47.092000 -48.129000 -47.092000
-46.085500 -47.610500 -49.135500
-47.610500 -47.092000 -47.092000
-47.610500 -46.573500 -46.085500
-46.573500 -47.610500 -47.610500
-47.610500 -47.610500 -46.573500
-47.092000 -46.085500 -46.573500
-46.085500 -46.085500 -46.085500
-46.085500 -46.085500 -45.567000
-45.048500 -45.048500 -46.573500
-46.085500 -45.567000 -46.573500
####
0.183000 1.525000 2.196000
0.183000 -1.159000 1.525000
1.525000 1.525000 1.525000
1.525000 2.196000 0.183000
0.183000 0.183000 2.867000
2.867000 1.525000 1.525000
2.867000 2.867000 2.196000
1.525000 2.867000 2.196000
1.525000 0.183000 3.538000
3.538000 4.239500 4.239500
2.196000 2.196000 2.867000
1.525000 2.196000 2.196000
2.196000 2.867000 1.525000
1.525000 1.525000 2.196000
26.596000 27.206000 26.596000
27.816000 27.206000 27.816000
27.206000 27.206000 27.206000
27.816000 27.206000 26.596000
27.206000 28.395500 27.206000
27.816000 25.406500 27.206000
27.206000 26.596000 27.816000
27.816000 27.206000 29.005500
29.005500 29.005500 27.816000
28.395500 29.005500 29.005500
30.805000 30.805000 29.005500
30.195000 30.195000 28.395500
29.005500 29.005500 30.805000
29.005500 28.395500 28.395500
-47.092000 -47.092000 -47.610500
-46.573500 -46.573500 -49.135500
-47.610500 -47.092000 -46.573500
-46.085500 -47.092000 -46.085500
-46.573500 -46.573500 -47.610500
-47.092000 -47.092000 -47.610500
-47.610500 -47.610500 -47.610500
-46.573500 -49.135500 -47.092000
-47.092000 -46.573500 -45.567000
-45.567000 -47.610500 -45.567000
-45.567000 -45.567000 -45.048500
-45.567000 -46.085500 -45.567000
-45.048500 -45.048500 -46.085500
-45.567000 -46.573500 -46.085500
####
0.183000 1.525000 2.196000
1.525000 2.196000 -0.488000
2.867000 0.183000 1.525000
2.867000 2.196000 3.538000
2.196000 0.183000 2.196000
2.196000 2.196000 1.525000
2.196000 1.525000 2.196000
2.867000 0.183000 2.867000
2.196000 1.525000 2.867000
2.867000 2.867000 2.196000
3.538000 2.196000 1.525000
2.867000 1.525000 0.183000
2.867000 2.196000 2.867000
0.183000 2.196000 2.867000
2.196000 1.525000 2.196000
1.525000 2.196000 2.196000
0.183000 1.525000 2.867000
0.183000 2.196000 2.196000
1.525000 2.196000 27.816000
27.206000 27.816000 27.206000
27.816000 27.206000 27.206000
27.816000 27.206000 26.596000
26.596000 28.395500 27.816000
27.206000 26.596000 27.206000
27.816000 26.596000 27.816000
27.816000 27.816000 28.395500
27.206000 28.395500 25.406500
25.406500 25.406500 26.596000
26.596000 26.596000 27.816000
27.816000 28.395500 27.816000
27.816000 28.395500 28.395500
26.596000 27.206000 27.816000
29.005500 29.005500 28.395500
29.005500 28.395500 30.195000
30.195000 29.005500 30.195000
28.395500 28.395500 27.206000
27.816000 27.816000 29.005500
28.395500 -47.092000 -47.610500
-46.573500 -47.092000 -47.092000
-46.573500 -48.129000 -47.092000
-49.135500 -47.610500 -47.092000
-47.610500 -47.092000 -46.573500
-49.135500 -48.129000 -46.573500
-47.610500 -48.129000 -47.610500
-47.092000 -46.085500 -48.129000
-47.610500 -47.610500 -48.129000
-49.135500 -46.573500 -47.610500
-46.573500 -46.573500 -45.567000
-46.573500 -47.610500 -46.573500
-45.567000 -48.129000 -47.610500
-45.567000 -45.567000 -46.573500
-47.092000 -47.092000 -45.048500
-45.567000 -46.573500 -46.085500
-45.567000 -46.085500 -45.567000
-47.092000 -45.567000 -46.573500
-46.085500 -46.573500 -47.610500
####
2.196000 0.183000 1.525000
0.183000 0.183000 0.183000
1.525000 1.525000 2.196000
2.867000 2.867000 2.867000
2.196000 3.538000 3.538000
1.525000 2.196000 2.196000
2.867000 0.183000 2.196000
2.196000 2.867000 3.538000
2.196000 2.196000 1.525000
2.196000 2.867000 3.538000
4.239500 1.525000 2.867000
0.183000 1.525000 2.196000
1.525000 3.538000 2.196000
2.196000 3.538000 3.538000
3.538000 1.525000 2.196000
2.867000 2.196000 2.867000
2.196000 1.525000 3.538000
3.538000 2.867000 3.538000
27.206000 27.816000 26.596000
27.816000 27.206000 27.816000
25.406500 28.395500 27.816000
28.395500 27.206000 28.395500
28.395500 27.816000 27.816000
27.206000 27.816000 27.816000
27.206000 27.206000 26.596000
28.395500 26.596000 28.395500
27.816000 27.206000 27.816000
27.206000 27.206000 28.395500
26.596000 27.206000 26.596000
27.206000 27.816000 27.816000
27.816000 29.005500 26.596000
27.206000 26.596000 30.195000
29.005500 28.395500 30.195000
31.994501 32.604500 29.005500
30.195000 30.195000 30.805000
27.816000 28.395500 28.395500
-46.085500 -45.567000 -47.092000
-47.092000 -47.092000 -46.573500
-48.129000 -47.092000 -48.129000
-46.085500 -46.573500 -47.610500
-46.573500 -47.092000 -47.610500
-46.573500 -48.129000 -46.085500
-47.092000 -47.610500 -47.092000
-46.085500 -47.610500 -46.085500
-48.129000 -46.573500 -46.573500
-47.092000 -46.085500 -47.092000
-47.610500 -46.573500 -46.085500
-46.573500 -46.573500 -46.573500
-46.573500 -46.573500 -47.092000
-45.567000 -45.567000 -46.085500
-45.567000 -45.567000 -46.085500
-45.567000 -45.567000 -45.048500
-46.573500 -47.092000 -46.085500
-46.573500 -47.092000 -46.573500
####
2.196000 -0.488000 2.196000
1.525000 2.196000 1.525000
2.196000 -0.488000 2.196000
2.867000 1.525000 0.183000
1.525000 4.239500 1.525000
2.196000 2.196000 2.867000
1.525000 1.525000 2.867000
0.183000 3.538000 2.196000
2.867000 2.196000 1.525000
3.538000 2.867000 2.196000
0.183000 1.525000 2.867000
2.867000 2.196000 2.196000
4.239500 2.867000 2.196000
1.525000 2.867000 1.525000
2.867000 3.538000 2.196000
2.196000 2.196000 2.196000
2.196000 2.867000 2.867000
3.538000 3.538000 2.196000
2.867000 2.196000 1.525000
0.183000 2.867000 1.525000
2.867000 2.196000 2.196000
3.538000 2.867000 1.525000
27.816000 29.005500 27.816000
27.816000 27.206000 27.816000
26.596000 25.406500 26.596000
24.796501 26.596000 27.206000
24.796501 25.406500 24.796501
26.596000 27.816000 24.796501
27.206000 26.596000 25.406500
28.395500 24.796501 25.406500
25.406500 25.406500 26.596000
26.596000 27.206000 25.406500
27.206000 27.206000 25.406500
25.406500 26.596000 26.596000
26.596000 27.206000 25.406500
27.206000 26.596000 26.596000
26.596000 24.796501 27.206000
24.796501 27.206000 27.206000
27.816000 27.816000 28.395500
28.395500 27.206000 30.195000
30.805000 30.805000 28.395500
31.415000 31.415000 29.005500
27.816000 28.395500 28.395500
28.395500 30.195000 28.395500
-47.610500 -45.048500 -46.085500
-48.129000 -46.573500 -47.092000
-49.135500 -48.129000 -47.610500
-49.135500 -48.129000 -47.092000
-47.610500 -47.610500 -49.135500
-49.135500 -47.610500 -47.610500
-47.092000 -48.129000 -47.610500
-47.610500 -48.129000 -48.129000
-47.610500 -48.129000 -48.129000
-47.092000 -46.085500 -49.135500
-47.092000 -47.092000 -48.129000
-48.129000 -47.092000 -47.610500
-47.610500 -47.610500 -47.610500
-47.092000 -47.610500 -48.129000
-47.092000 -47.092000 -47.610500
-46.085500 -46.573500 -47.610500
-49.135500 -46.573500 -47.092000
-46.085500 -46.573500 -45.567000
-45.567000 -46.573500 -45.567000
-45.567000 -44.011500 -45.567000
-45.567000 -46.085500 -46.085500
-46.573500 -47.092000 -46.573500
####
-0.488000 1.525000 1.525000
2.196000 1.525000 1.525000
3.538000 1.525000 2.867000
3.538000 2.196000 2.196000
2.867000 2.867000 1.525000
2.196000 3.538000 1.525000
2.196000 2.867000 2.867000
3.538000 3.538000 1.525000
1.525000 0.183000 1.525000
2.867000 2.867000 0.183000
2.867000 2.867000 2.196000
27.206000 28.395500 26.596000
27.206000 27.206000 28.395500
27.816000 26.596000 27.206000
25.406500 27.206000 25.406500
25.406500 27.206000 26.596000
27.816000 28.395500 27.206000
27.816000 27.816000 27.816000
27.206000 28.395500 29.005500
30.195000 29.005500 28.395500
27.816000 28.395500 27.816000
27.816000 28.395500 27.206000
-47.092000 -47.092000 -48.129000
-47.610500 -48.129000 -47.092000
-48.129000 -46.573500 -47.610500
-47.092000 -47.610500 -47.610500
-46.573500 -47.610500 -47.092000
-48.129000 -46.085500 -47.610500
-46.573500 -46.573500 -47.092000
-45.048500 -46.085500 -46.085500
-45.567000 -45.048500 -47.092000
-45.567000 -46.085500 -46.085500
-45.567000 -47.610500 -46.085500
####
1.525000 1.525000 2.196000
3.538000 0.183000 0.183000
2.196000 2.867000 1.525000
2.196000 1.525000 2.196000
3.538000 0.183000 2.196000
2.196000 2.196000 2.867000
2.867000 3.538000 2.867000
2.867000 2.867000 2.867000
0.183000 2.196000 2.867000
0.183000 2.196000 2.867000
1.525000 1.525000 3.538000
-0.488000 27.206000 25.406500
25.406500 25.406500 26.596000
26.596000 29.005500 27.206000
25.406500 25.406500 26.596000
27.816000 27.816000 26.596000
27.206000 27.816000 27.206000
25.406500 27.206000 27.206000
27.816000 28.395500 27.816000
29.005500 29.005500 27.206000
27.816000 27.816000 26.596000
27.206000 25.406500 26.596000
27.206000 27.206000 -49.135500
-48.129000 -49.135500 -47.610500
-48.129000 -49.135500 -48.129000
-48.129000 -48.129000 -47.610500
-47.092000 -49.135500 -47.610500
-47.610500 -46.573500 -47.610500
-48.129000 -48.129000 -46.573500
-46.573500 -47.610500 -47.092000
-45.567000 -46.573500 -47.092000
-47.092000 -47.092000 -46.085500
-47.092000 -47.092000 -46.085500
-47.610500 -47.092000 -46.573500
####
2.196000 1.525000 2.196000
0.183000 0.183000 2.196000
1.525000 2.196000 0.183000
2.196000 1.525000 0.183000
3.538000 2.867000 1.525000
3.538000 2.867000 3.538000
4.239500 2.867000 2.196000
2.867000 1.525000 1.525000
2.196000 2.867000 2.867000
1.525000 2.867000 25.406500
26.596000 24.796501 24.796501
27.816000 27.206000 27.816000
24.796501 25.406500 26.596000
27.206000 26.596000 24.796501
24.796501 26.596000 27.206000
24.796501 26.596000 27.206000
27.206000 28.395500 27.816000
30.195000 27.816000 26.596000
28.395500 29.005500 26.596000
26.596000 -48.129000 -47.092000
-48.129000 -47.610500 -49.135500
-48.129000 -49.135500 -48.129000
-47.610500 -48.129000 -49.654000
-48.129000 -47.610500 -46.573500
-49.654000 -48.129000 -48.129000
-48.129000 -47.092000 -47.092000
-46.085500 -47.092000 -46.573500
-47.092000 -46.085500 -46.573500
-47.092000 -47.610500 -46.573500
####
2.196000 2.867000 -0.488000
1.525000 -0.488000 1.525000
1.525000 2.867000 1.525000
2.196000 0.183000 0.183000
0.183000 0.183000 2.196000
1.525000 2.196000 1.525000
2.196000 3.538000 1.525000
0.183000 1.525000 1.525000
1.525000 3.538000 1.525000
2.867000 4.239500 1.525000
2.867000 2.867000 1.525000
2.867000 1.525000 2.867000
0.183000 3.538000 2.196000
1.525000 2.196000 1.525000
2.196000 2.867000 3.538000
2.196000 2.196000 2.196000
2.196000 25.406500 26.596000
26.596000 26.596000 27.206000
25.406500 24.796501 25.406500
24.796501 24.796501 27.206000
26.596000 27.206000 25.406500
25.406500 25.406500 26.596000
27.206000 26.596000 26.596000
27.206000 26.596000 27.816000
25.406500 27.206000 25.406500
26.596000 27.206000 27.816000
27.816000 26.596000 27.816000
27.206000 28.395500 27.816000
27.816000 27.816000 27.206000
29.005500 27.816000 28.395500
28.395500 27.816000 27.206000
27.816000 27.816000 27.206000
29.005500 29.005500 -47.610500
-48.129000 -47.610500 -47.092000
-49.135500 -47.610500 -47.610500
-48.129000 -47.610500 -49.135500
-47.610500 -49.135500 -48.129000
-47.610500 -48.129000 -48.129000
-48.129000 -49.135500 -47.092000
-47.610500 -48.129000 -50.172500
-47.610500 -49.135500 -46.573500
-47.092000 -46.573500 -48.129000
-47.092000 -47.610500 -47.092000
-47.610500 -48.129000 -49.135500
-47.092000 -47.610500 -46.085500
-47.092000 -46.573500 -46.573500
-46.085500 -47.610500 -47.092000
-47.092000 -47.092000 -46.573500
-46.573500 -46.573500 -46.573500
####
1.525000 2.867000 0.183000
3.538000 2.867000 3.538000
1.525000 1.525000 1.525000
2.867000 2.867000 2.867000
2.867000 2.196000 2.196000
2.196000 0.183000 2.867000
1.525000 2.196000 0.183000
2.196000 2.196000 1.525000
-0.488000 2.867000 1.525000
1.525000 1.525000 2.867000
2.867000 2.867000 2.867000
3.538000 2.867000 0.183000
1.525000 2.196000 3.538000
3.538000 1.525000 2.196000
2.196000 2.196000 1.525000
-0.488000 1.525000 3.538000
2.867000 2.196000 2.196000
2.867000 2.867000 2.867000
1.525000 2.867000 2.867000
2.196000 2.196000 2.196000
1.525000 -1.159000 2.196000
2.196000 0.183000 1.525000
-0.488000 0.183000 2.196000
3.538000 2.867000 2.196000
2.196000 27.816000 27.206000
27.206000 25.406500 27.206000
25.406500 26.596000 24.796501
27.206000 25.406500 27.206000
26.596000 26.596000 26.596000
27.206000 27.206000 24.796501
26.596000 24.796501 24.796501
25.406500 26.596000 27.206000
24.796501 26.596000 26.596000
25.406500 27.816000 27.206000
26.596000 26.596000 25.406500
28.395500 25.406500 25.406500
27.206000 27.816000 24.796501
27.206000 27.206000 25.406500
25.406500 24.796501 27.206000
27.816000 27.206000 24.796501
26.596000 26.596000 27.206000
26.596000 26.596000 25.406500
27.206000 27.206000 25.406500
25.406500 25.406500 26.596000
26.596000 26.596000 27.206000
28.395500 29.005500 27.206000
28.395500 27.206000 29.005500
27.816000 28.395500 27.816000
29.005500 26.596000 -49.135500
-47.610500 -47.092000 -49.135500
-46.573500 -47.610500 -48.129000
-48.129000 -47.610500 -47.610500
-49.654000 -49.654000 -47.610500
-48.129000 -48.129000 -49.135500
-47.610500 -47.092000 -48.129000
-46.573500 -47.092000 -47.092000
-46.085500 -48.129000 -47.610500
-46.573500 -48.129000 -48.129000
-47.610500 -46.573500 -47.092000
-46.573500 -48.129000 -47.092000
-47.610500 -47.610500 -47.092000
-47.092000 -48.129000 -49.135500
-48.129000 -46.573500 -47.610500
-49.654000 -47.610500 -48.129000
-46.573500 -47.610500 -47.610500
-47.610500 -48.129000 -49.135500
-47.610500 -47.610500 -47.610500
-47.092000 -48.129000 -48.129000
-47.092000 -47.610500 -49.654000
-47.610500 -46.573500 -45.567000
-46.573500 -46.085500 -46.573500
-46.573500 -47.092000 -47.092000
-45.567000 -46.573500 -46.573500
####
