1.022758 1.014234 1.014234
1.004497 1.004497 1.005970
1.005970 0.995354 0.995354
1.017160 1.017160 1.080867
1.080867 1.120294 1.120294
1.087254 1.087254 1.052074
1.036167 1.036167 1.038940
1.038940 1.026150 1.036571
1.036571 1.036571 1.038950
1.038950 1.003918 0.989046
0.989046 0.985093 0.985093
0.997349 0.997349 1.000115
1.000115 1.012008 1.012008
1.034983 1.034983 1.076676
1.076676 1.137507 1.137507
1.132292 1.132292 1.088627
1.088627 1.075675 1.079375
1.079375 1.093068 1.093068
1.111565 1.111565 1.121826
-0.474230 -0.486084 -0.486084
-0.511740 -0.511740 -0.561591
-0.561591 -0.623279 -0.623279
-0.805351 -0.805351 -1.043333
-1.043333 -1.052541 -1.052541
-0.891591 -0.891591 -0.820185
-0.629132 -0.629132 -0.464417
-0.464417 -0.313512 -0.247137
-0.247137 -0.247137 -0.168504
-0.168504 -0.084110 -0.099692
-0.099692 -0.142645 -0.142645
-0.120650 -0.120650 -0.082964
-0.082964 -0.075475 -0.075475
-0.230847 -0.230847 -0.541105
-0.541105 -0.692951 -0.692951
-0.547393 -0.547393 -0.487071
-0.487071 -0.518302 -0.465026
-0.465026 -0.401564 -0.401564
-0.348075 -0.348075 -0.309638
9.741635 9.741941 9.741941
9.741636 9.741636 9.738739
9.738739 9.736076 9.736076
9.720452 9.720452 9.690902
9.690902 9.685427 9.685427
9.705325 9.705325 9.715494
9.731441 9.731441 9.740396
9.740396 9.747775 9.748581
9.748581 9.748581 9.750004
9.750004 9.754766 9.756138
9.756138 9.756005 9.756005
9.755056 9.755056 9.755167
9.755167 9.754001 9.754001
9.749149 9.749149 9.732336
9.732336 9.715775 9.715775
9.725671 9.725671 9.733861
9.733861 9.733687 9.735969
9.735969 9.737266 9.737266
9.737230 9.737230 9.737352
####
1.123752 1.123752 1.123752
1.114394 1.105739 1.105739
1.116422 1.116422 1.159450
1.159450 1.159450 1.214427
1.214427 1.264157 1.261658
1.261658 1.227544 1.227544
1.195504 1.195504 1.176516
1.176516 1.179228 1.179228
1.189323 1.189323 1.180774
1.180774 1.156041 1.156041
1.144453 1.144453 1.144579
1.144579 1.138000 1.138000
1.128845 1.128845 1.128473
1.128473 1.129247 1.136413
1.136413 1.135903 1.135903
1.131102 1.131102 1.119458
1.119458 1.108113 1.108113
1.128228 1.128228 1.165034
1.165034 1.218014 1.218014
1.233479 1.233479 1.188829
1.188829 1.188622 1.188622
1.180712 1.180712 1.169559
1.172076 1.172076 -0.381710
-0.381710 -0.381710 -0.399370
-0.442474 -0.442474 -0.511804
-0.511804 -0.580273 -0.580273
-0.580273 -0.690511 -0.690511
-0.670043 -0.525791 -0.525791
-0.423046 -0.423046 -0.311719
-0.311719 -0.205037 -0.205037
-0.101412 -0.101412 -0.064799
-0.064799 -0.059810 -0.059810
0.008721 0.008721 -0.015391
-0.015391 -0.035352 -0.035352
-0.025128 -0.025128 -0.018646
-0.018646 -0.033019 -0.033019
-0.046726 -0.066245 -0.066245
-0.081394 -0.081394 -0.106568
-0.106568 -0.160095 -0.160095
-0.215950 -0.215950 -0.306193
-0.306193 -0.520387 -0.520387
-0.636158 -0.636158 -0.525102
-0.525102 -0.411228 -0.411228
-0.405910 -0.405910 -0.378356
-0.378356 -0.335528 -0.323926
-0.323926 9.734571 9.734571
9.734571 9.734938 9.734060
9.734060 9.729442 9.729442
9.720563 9.720563 9.720563
9.706634 9.706634 9.701718
9.710930 9.710930 9.720317
9.720317 9.728515 9.728515
9.733661 9.733661 9.734964
9.734964 9.734049 9.734049
9.735121 9.735121 9.738269
9.738269 9.739629 9.739629
9.739563 9.739563 9.740365
9.740365 9.741445 9.741445
9.741449 9.741449 9.741304
9.740357 9.740357 9.740302
9.740302 9.740618 9.740618
9.741230 9.741230 9.741449
9.741449 9.736721 9.736721
9.723286 9.723286 9.709898
9.709898 9.714586 9.714586
9.725635 9.725635 9.725883
9.725883 9.727957 9.727957
9.730876 9.730966 9.730966
####
1.144120 1.155709 1.155709
1.165752 1.165752 1.183744
1.183744 1.227372 1.227372
1.257769 1.257769 1.244135
1.244135 1.217774 1.217774
1.194755 1.194755 1.180145
1.180145 1.177659 1.177659
1.187518 1.187518 1.177877
1.177877 1.143863 1.143863
1.135192 1.135192 1.127922
1.127922 1.127922 1.116845
1.111489 1.111489 1.109916
1.109916 1.118583 1.118583
1.125748 1.125748 1.143439
1.143439 1.200845 1.200845
1.210409 1.210409 1.152987
1.152987 1.148945 1.148945
1.144876 1.139605 1.139605
1.149274 1.149274 1.148164
-0.411197 -0.431448 -0.431448
-0.482563 -0.482563 -0.596859
-0.596859 -0.711672 -0.711672
-0.675624 -0.675624 -0.573980
-0.573980 -0.484509 -0.484509
-0.380712 -0.380712 -0.357898
-0.357898 -0.293817 -0.293817
-0.290856 -0.290856 -0.255190
-0.255190 -0.190542 -0.190542
-0.197896 -0.197896 -0.171634
-0.171634 -0.171634 -0.183715
-0.214006 -0.214006 -0.254873
-0.254873 -0.291320 -0.291320
-0.379591 -0.379591 -0.545212
-0.545212 -0.677513 -0.677513
-0.590634 -0.590634 -0.474310
-0.474310 -0.506809 -0.506809
-0.510363 -0.443739 -0.443739
-0.421267 -0.421267 -0.412073
9.730997 9.728750 9.728750
9.725150 9.725150 9.716630
9.716630 9.703477 9.703477
9.702162 9.702162 9.710462
9.710462 9.718677 9.718677
9.726150 9.726150 9.728801
9.728801 9.731247 9.731247
9.730139 9.730139 9.732310
9.732310 9.737846 9.737846
9.738714 9.738714 9.740058
9.740058 9.740058 9.741114
9.741108 9.741108 9.740303
9.740303 9.738291 9.738291
9.734423 9.734423 9.724488
9.724488 9.709240 9.709240
9.713725 9.713725 9.727078
9.727078 9.725917 9.725917
9.726211 9.730097 9.730097
9.729959 9.729959 9.730483
####
1.237194 1.237194 1.271468
1.271468 1.265772 1.265772
1.241910 1.241910 1.228417
1.228417 1.212383 1.212383
1.189999 1.189999 1.194762
1.205916 1.205916 1.206955
1.206955 1.194275 1.194275
1.169184 1.169184 1.152918
1.152918 1.145404 1.145404
1.146372 1.146372 1.163835
1.163835 1.192818 1.192818
1.226736 1.226736 1.263601
1.263601 1.238688 1.238688
1.206601 1.206601 1.207239
1.187647 1.187647 1.186907
1.186907 1.186907 1.189149
-0.710264 -0.710264 -0.717000
-0.717000 -0.627060 -0.627060
-0.562885 -0.562885 -0.511688
-0.511688 -0.396004 -0.396004
-0.291961 -0.291961 -0.223249
-0.210747 -0.210747 -0.231549
-0.231549 -0.206285 -0.206285
-0.182823 -0.182823 -0.227401
-0.227401 -0.253545 -0.253545
-0.257989 -0.257989 -0.292060
-0.292060 -0.381955 -0.381955
-0.564048 -0.564048 -0.569238
-0.569238 -0.398530 -0.398530
-0.352501 -0.352501 -0.372582
-0.333501 -0.333501 -0.293868
-0.293868 -0.293868 -0.290221
9.702333 9.702333 9.697405
9.697405 9.704380 9.704380
9.711396 9.711396 9.715943
9.715943 9.723358 9.723358
9.729802 9.729802 9.731037
9.729940 9.729940 9.729339
9.729339 9.731472 9.731472
9.734986 9.734986 9.735988
9.735988 9.736229 9.736229
9.735998 9.735998 9.732964
9.732964 9.726339 9.726339
9.713257 9.713257 9.708226
9.708226 9.719938 9.719938
9.725752 9.725752 9.724923
9.728754 9.728754 9.730123
9.730123 9.730123 9.729958
####
1.218359 1.244666 1.244666
1.268456 1.240079 1.240079
1.240079 1.222217 1.222217
1.203732 1.203732 1.179663
1.179663 1.158874 1.158874
1.156273 1.156273 1.171275
1.171275 1.169562 1.169562
1.156232 1.156232 1.145040
1.145040 1.139307 1.126446
1.126446 1.118969 1.118969
1.143488 1.143488 1.162760
1.162760 1.181874 1.181874
1.210850 1.210850 1.177357
1.177357 1.170770 1.170770
1.172425 1.172425 1.169206
1.169206 1.170845 1.170845
-0.610689 -0.772347 -0.772347
-0.774236 -0.614964 -0.614964
-0.614964 -0.549210 -0.549210
-0.416539 -0.416539 -0.287513
-0.287513 -0.227796 -0.227796
-0.206165 -0.206165 -0.194256
-0.194256 -0.203966 -0.203966
-0.184429 -0.184429 -0.186272
-0.186272 -0.192323 -0.172477
-0.172477 -0.197625 -0.197625
-0.293515 -0.293515 -0.462725
-0.462725 -0.653839 -0.653839
-0.643821 -0.643821 -0.483559
-0.483559 -0.456117 -0.456117
-0.484267 -0.484267 -0.437695
-0.437695 -0.406159 -0.406159
9.711491 9.696632 9.696632
9.693397 9.708471 9.708471
9.708471 9.714676 9.714676
9.723575 9.723575 9.731193
9.731193 9.735271 9.735271
9.736063 9.736063 9.734514
9.734514 9.734522 9.734522
9.736504 9.736504 9.737791
9.737791 9.738345 9.740213
9.740213 9.740598 9.740598
9.735332 9.735332 9.726473
9.726473 9.713190 9.713190
9.710289 9.710289 9.723702
9.723702 9.725823 9.725823
9.724263 9.724263 9.726858
9.726858 9.728028 9.728028
####
1.217284 1.267170 1.298732
1.298732 1.298732 1.270100
1.243097 1.243097 1.223594
1.223594 1.198009 1.198009
1.194351 1.194351 1.213036
1.213036 1.210085 1.210085
1.178872 1.178872 1.152497
1.152497 1.138842 1.138842
1.120940 1.120940 1.128593
1.128593 1.157927 1.157927
1.188998 1.188998 1.188998
1.210159 1.210159 1.180057
1.180057 1.174747 1.174747
1.176031 1.176031 1.172783
1.172783 1.176686 1.176686
1.173830 -0.677089 -0.791657
-0.746861 -0.746861 -0.746861
-0.627778 -0.535570 -0.535570
-0.410628 -0.410628 -0.330637
-0.330637 -0.310000 -0.310000
-0.283765 -0.283765 -0.279376
-0.279376 -0.271795 -0.271795
-0.282256 -0.282256 -0.275870
-0.275870 -0.256892 -0.256892
-0.313361 -0.313361 -0.453619
-0.453619 -0.663851 -0.663851
-0.663851 -0.604249 -0.604249
-0.499206 -0.499206 -0.518622
-0.518622 -0.515654 -0.515654
-0.445447 -0.445447 -0.417321
-0.417321 -0.419697 9.707222
9.692159 9.691537 9.691537
9.691537 9.703769 9.712789
9.712789 9.721348 9.721348
9.727581 9.727581 9.728710
9.728710 9.727199 9.727199
9.727695 9.727695 9.731740
9.731740 9.734601 9.734601
9.736392 9.736392 9.738988
9.738988 9.736451 9.736451
9.727478 9.727478 9.711641
9.711641 9.711641 9.712918
9.712918 9.722584 9.722584
9.722211 9.722211 9.722214
9.722214 9.726075 9.726075
9.726851 9.726851 9.727095
####
1.268909 1.268909 1.301569
1.301569 1.281853 1.281853
1.250400 1.250400 1.239318
1.239318 1.225815 1.225815
1.220256 1.220256 1.220889
1.220889 1.215696 1.215696
1.203049 1.203049 1.213861
1.213861 1.239620 1.239620
1.239620 1.279041 1.314406
1.314406 1.255411 1.255411
1.255411 1.230092 1.230092
1.219612 1.219612 1.192326
1.186679 1.186679 1.199465
1.199465 1.207822 1.207822
1.232465 1.232465 1.253020
1.253020 1.249343 1.249343
1.216651 1.216651 1.197635
1.197635 1.186859 1.186859
1.187596 1.187596 1.168630
1.163378 1.163378 1.158307
1.158307 1.203771 1.203771
1.255614 1.255614 1.337056
1.337056 1.339673 1.339673
1.299348 1.299348 1.277019
1.277019 1.269536 1.269536
1.255878 1.255878 1.238807
1.238807 -0.780420 -0.780420
-0.750023 -0.750023 -0.588902
-0.588902 -0.542392 -0.542392
-0.523449 -0.523449 -0.437806
-0.437806 -0.372664 -0.372664
-0.281835 -0.281835 -0.233854
-0.233854 -0.272355 -0.272355
-0.388851 -0.388851 -0.504557
-0.504557 -0.504557 -0.692069
-0.753747 -0.753747 -0.531637
-0.531637 -0.531637 -0.474774
-0.474774 -0.371367 -0.371367
-0.162125 -0.011075 -0.011075
0.086908 0.086908 0.068153
0.068153 -0.017971 -0.017971
-0.122348 -0.122348 -0.169283
-0.169283 -0.134673 -0.134673
-0.136623 -0.136623 -0.167525
-0.167525 -0.183879 -0.183879
-0.152399 -0.088921 -0.088921
-0.017149 -0.017149 -0.088076
-0.088076 -0.257891 -0.257891
-0.295896 -0.295896 -0.178761
-0.178761 -0.157412 -0.157412
-0.212794 -0.212794 -0.236691
-0.236691 -0.235022 -0.235022
-0.222201 -0.222201 9.692842
9.692842 9.690912 9.690912
9.704660 9.704660 9.711472
9.711472 9.713932 9.713932
9.719881 9.719881 9.723295
9.723295 9.726274 9.726274
9.728195 9.728195 9.728765
9.728765 9.723463 9.723463
9.714893 9.714893 9.714893
9.698221 9.688890 9.688890
9.711421 9.711421 9.711421
9.717606 9.717606 9.723426
9.723426 9.732546 9.734581
9.734581 9.732632 9.732632
9.731748 9.731748 9.728879
9.728879 9.725500 9.725500
9.725270 9.725270 9.729955
9.729955 9.732286 9.732286
9.733123 9.733123 9.732738
9.732738 9.735578 9.736993
9.736993 9.737988 9.737988
9.732090 9.732090 9.722515
9.722515 9.710567 9.710567
9.713069 9.713069 9.718915
9.718915 9.720819 9.720819
9.721248 9.721248 9.723062
9.723062 9.725553 9.725553
####
1.446286 1.446286 1.464389
1.464389 1.487310 1.479016
1.479016 1.449918 1.449918
1.426639 1.426639 1.389303
1.389303 1.389303 1.376837
1.377898 1.377898 1.377898
1.390413 1.397238 0.025557
0.025557 -0.073040 -0.073040
-0.162422 -0.138891 -0.138891
-0.145095 -0.145095 -0.153063
-0.153063 -0.132591 -0.132591
-0.132591 -0.115793 -0.102482
-0.102482 -0.102482 -0.114162
-0.129025 9.699381 9.699381
9.696423 9.696423 9.691848
9.693482 9.693482 9.697787
9.697787 9.701117 9.701117
9.706836 9.706836 9.706836
9.708826 9.708825 9.708825
9.708825 9.706910 9.705744
####
1.496264 1.467659 1.467659
1.481094 1.481094 1.489399
1.468669 1.468669 1.434786
1.380909 1.380909 1.344654
1.344654 1.344654 1.348405
1.368439 1.368439 1.370609
1.370609 0.160119 0.100449
0.100449 -0.103238 -0.103238
-0.275458 -0.289624 -0.289624
-0.260159 -0.321586 -0.321586
-0.271459 -0.271459 -0.271459
-0.249417 -0.283626 -0.283626
-0.271192 -0.271192 9.690508
9.695683 9.695683 9.693610
9.693610 9.688973 9.691725
9.691725 9.697634 9.703610
9.703610 9.710232 9.710232
9.710232 9.710303 9.706561
9.706561 9.706610 9.706610
####
1.428791 1.428791 1.433076
1.433076 1.429609 1.429609
1.377960 1.377960 1.344301
1.344301 1.340248 1.340248
1.336205 1.336205 1.350065
1.350065 1.363797 1.373635
0.036808 0.036808 -0.091302
-0.091302 -0.174403 -0.174403
-0.182234 -0.182234 -0.202452
-0.202452 -0.246098 -0.246098
-0.237600 -0.237600 -0.250268
-0.250268 -0.256532 -0.250555
9.701937 9.701937 9.700946
9.700946 9.700318 9.700318
9.707646 9.707646 9.711965
9.711965 9.711517 9.711517
9.712286 9.712286 9.710051
9.710051 9.707968 9.706737
####
1.427736 1.427736 1.428340
1.394928 1.394928 1.394928
1.364480 1.364480 1.341451
1.341451 1.341451 1.336652
1.349256 1.349256 1.349256
1.357462 1.357462 1.359420
1.359420 1.383372 -0.057898
-0.057898 -0.128487 -0.159145
-0.159145 -0.159145 -0.161760
-0.161760 -0.175969 -0.175969
-0.175969 -0.167675 -0.204059
-0.204059 -0.204059 -0.189849
-0.189849 -0.193038 -0.193038
-0.223177 9.701990 9.701990
9.701222 9.705629 9.705629
9.705629 9.709913 9.709913
9.712874 9.712874 9.712874
9.713683 9.711244 9.711244
9.711244 9.710388 9.710388
9.710052 9.710052 9.706022
####
1.437503 1.443165 1.443165
1.440683 1.440683 1.412819
1.412819 1.369031 1.369031
1.351370 1.351370 1.342674
1.342674 1.343695 1.354835
1.354835 1.363476 1.363476
1.374233 1.374233 1.399694
0.112861 0.046280 0.046280
-0.071570 -0.071570 -0.054686
-0.054686 -0.085353 -0.085353
-0.194229 -0.194229 -0.171244
-0.171244 -0.175591 -0.174323
-0.174323 -0.148588 -0.148588
-0.192833 -0.192833 -0.220421
9.700064 9.699769 9.699769
9.699985 9.699985 9.704191
9.704191 9.710245 9.710245
9.711151 9.711151 9.712790
9.712790 9.712571 9.711046
9.711046 9.710265 9.710265
9.707970 9.707970 9.703745
####
1.424929 1.415484 1.407012
1.407012 1.370513 1.370513
1.334199 1.334199 1.327811
1.327811 1.330360 1.330360
1.336180 1.336180 1.350461
1.350461 1.358059 1.358059
0.155581 0.029631 -0.032823
-0.032823 0.023000 0.023000
-0.049615 -0.049615 -0.104962
-0.104962 -0.061475 -0.061475
-0.088849 -0.088849 -0.110888
-0.110888 -0.127507 -0.127507
9.701327 9.703912 9.705133
9.705133 9.710384 9.710384
9.715341 9.715341 9.715775
9.715775 9.715799 9.715799
9.714788 9.714788 9.712586
9.712586 9.711324 9.711324
####
1.399241 1.390149 1.390149
1.387316 1.387316 1.355378
1.355378 1.322171 1.322171
1.316616 1.316616 1.318053
1.318053 1.325933 1.325933
1.339989 1.339989 1.344977
1.344977 1.361900 1.361900
0.092384 -0.005748 -0.005748
-0.129297 -0.129297 -0.105743
-0.105743 -0.152857 -0.152857
-0.165999 -0.165999 -0.145441
-0.145441 -0.200230 -0.200230
-0.204631 -0.204631 -0.211358
-0.211358 -0.248038 -0.248038
9.705873 9.707618 9.707618
9.707164 9.707164 9.711960
9.711960 9.715909 9.715909
9.716448 9.716448 9.716582
9.716582 9.714536 9.714536
9.712515 9.712515 9.711681
9.711681 9.708455 9.708455
####
1.402343 1.402343 1.387792
1.387792 1.358329 1.358329
1.327329 1.327329 1.324904
1.327463 1.327463 1.332655
1.332655 1.337522 1.337522
1.344621 1.344621 1.344621
1.344169 1.347091 0.014298
0.014298 -0.101948 -0.101948
-0.097848 -0.097848 -0.120297
-0.120297 -0.151805 -0.162376
-0.162376 -0.194581 -0.194581
-0.180349 -0.180349 -0.166213
-0.166213 -0.166213 -0.212674
-0.257690 9.705854 9.705854
9.707421 9.707421 9.711630
9.711630 9.715664 9.715664
9.715553 9.715033 9.715033
9.713730 9.713730 9.713336
9.713336 9.712607 9.712607
9.712607 9.711764 9.710270
####
1.382180 1.388423 1.388423
1.377163 1.377163 1.371727
1.371727 1.349082 1.349082
1.304039 1.304039 1.304039
1.298721 1.298721 1.294199
1.303298 1.303298 1.313525
1.313525 1.315706 1.315706
1.324910 0.048309 0.003715
0.003715 -0.090348 -0.090348
-0.194319 -0.194319 -0.147224
-0.147224 -0.171841 -0.171841
-0.171841 -0.164020 -0.164020
-0.159661 -0.208271 -0.208271
-0.198906 -0.198906 -0.210417
-0.210417 -0.254226 9.708637
9.707866 9.707866 9.709049
9.709049 9.708295 9.708295
9.712297 9.712297 9.718042
9.718042 9.718042 9.718889
9.718889 9.719565 9.717429
9.717429 9.716248 9.716248
9.715711 9.715711 9.713412
####
1.383682 1.374492 1.374492
1.368905 1.368905 1.328802
1.328802 1.310402 1.310402
1.312095 1.312095 1.309012
1.306556 1.306556 1.306548
1.306548 1.308709 1.308709
1.316939 1.316939 1.324117
-0.015081 -0.151379 -0.151379
-0.207667 -0.207667 -0.204235
-0.204235 -0.258453 -0.258453
-0.286112 -0.286112 -0.296255
-0.317825 -0.317825 -0.328709
-0.328709 -0.331025 -0.331025
-0.326637 -0.326637 -0.348877
9.708531 9.708669 9.708669
9.708417 9.708417 9.714060
9.714060 9.715268 9.715268
9.714264 9.714264 9.714376
9.714025 9.714025 9.713664
9.713664 9.713294 9.713294
9.712331 9.712331 9.710581
####
1.352813 1.341473 1.341473
1.349848 1.349848 1.358462
1.358462 1.363887 1.363887
1.376883 1.376883 1.400135
1.400135 1.400308 1.400308
1.382772 1.382772 1.380452
1.380452 1.378614 1.341153
1.341153 1.310191 1.310191
1.305449 1.305449 1.296637
1.296637 1.306253 -0.211785
-0.201113 -0.201113 -0.158671
-0.158671 -0.079884 -0.079884
-0.039908 -0.039908 -0.061923
-0.061923 -0.077628 -0.077628
-0.062681 -0.062681 -0.088121
-0.088121 -0.189203 -0.189203
-0.199829 -0.180822 -0.180822
-0.271680 -0.271680 -0.320288
-0.320288 -0.311537 -0.311537
-0.342022 9.710584 9.712383
9.712383 9.712009 9.712009
9.711776 9.711776 9.711262
9.711262 9.709312 9.709312
9.705873 9.705873 9.705956
9.705956 9.708273 9.708273
9.707160 9.707160 9.707208
9.712827 9.712827 9.714935
9.714935 9.714093 9.714093
9.715558 9.715558 9.713244
####
1.366585 1.379659 1.379659
1.382072 1.382072 1.377605
1.355110 1.355110 1.310112
1.310112 1.296320 1.296320
1.299806 1.299806 1.300179
1.300179 1.305791 1.305791
1.311562 1.311562 1.313437
1.313437 0.026562 0.013559
0.013559 -0.012626 -0.012626
-0.131608 -0.176601 -0.176601
-0.157115 -0.157115 -0.215094
-0.215094 -0.200491 -0.200491
-0.214223 -0.214223 -0.256706
-0.256706 -0.234049 -0.234049
-0.253668 -0.253668 9.710928
9.709106 9.709106 9.708764
9.708764 9.708515 9.710967
9.710967 9.717474 9.717474
9.718214 9.718214 9.718060
9.718060 9.717717 9.717717
9.715936 9.715936 9.715730
9.715730 9.714984 9.714984
####
1.376776 1.361392 1.361392
1.353594 1.353594 1.322840
1.322840 1.311028 1.311028
1.313697 1.313697 1.312628
1.312628 1.312976 1.312976
1.317459 1.322095 1.322095
1.333714 1.333714 1.346994
-0.038928 -0.135607 -0.135607
-0.198808 -0.198808 -0.180794
-0.180794 -0.230480 -0.230480
-0.219517 -0.219517 -0.221380
-0.221380 -0.257500 -0.257500
-0.259652 -0.262035 -0.262035
-0.293590 -0.293590 -0.297247
9.709447 9.710747 9.710747
9.710749 9.710749 9.715338
9.715338 9.715887 9.715887
9.715781 9.715781 9.715882
9.715882 9.714947 9.714947
9.714282 9.713588 9.713588
9.711097 9.711097 9.709152
####
1.756675 1.756675 1.717535
1.717535 1.680645 1.680645
1.683068 1.683068 1.707248
1.707248 1.712646 1.712646
1.694191 1.667232 1.667232
1.662811 1.662811 1.676520
1.676520 1.681690 1.681690
1.681690 1.681108 1.681108
1.667665 1.667665 1.639695
1.639695 1.570842 1.570842
1.517018 1.517018 1.470275
1.470275 1.470275 1.417852
1.417852 1.380113 1.383598
1.383598 1.451640 1.451640
1.474492 1.474492 1.451529
1.451529 1.444136 1.444136
1.444136 1.436593 1.436059
1.436059 1.430701 1.430701
1.430701 -0.481789 -0.481789
-0.394899 -0.394899 -0.272149
-0.272149 -0.227084 -0.227084
-0.274806 -0.274806 -0.224058
-0.224058 -0.161066 -0.182254
-0.182254 -0.235411 -0.235411
-0.309386 -0.309386 -0.281004
-0.281004 -0.281004 -0.306802
-0.306802 -0.384352 -0.384352
-0.447118 -0.447118 -0.466627
-0.466627 -0.619955 -0.619955
-0.819148 -0.819148 -0.819148
-0.879818 -0.879818 -1.061509
-1.293717 -1.293717 -1.486813
-1.486813 -1.409366 -1.409366
-1.256439 -1.256439 -1.164046
-1.164046 -1.164046 -1.113180
-1.089739 -1.089739 -1.079779
-1.079779 -1.079779 9.635993
9.635993 9.646995 9.646995
9.657730 9.657730 9.658473
9.658473 9.652988 9.652988
9.653343 9.653343 9.657855
9.662169 9.662169 9.661782
9.661782 9.657327 9.657327
9.657295 9.657295 9.657295
9.656611 9.656611 9.656167
9.656167 9.658255 9.658255
9.668769 9.668769 9.668749
9.668749 9.661142 9.661142
9.661142 9.663644 9.663644
9.650848 9.621972 9.621972
9.583972 9.583972 9.592182
9.592182 9.616902 9.616902
9.629634 9.629634 9.629634
9.636774 9.639533 9.639533
9.641450 9.641450 9.641450
####
1.533097 1.533097 1.542257
1.542257 1.543205 1.543205
1.521097 1.521097 1.488406
1.488406 1.463032 1.463032
1.446015 1.446015 1.419563
1.419563 1.402120 1.370992
1.370992 1.370992 1.347189
1.347189 1.342833 1.371440
1.371440 1.431843 1.431843
1.472719 1.472719 1.452438
1.452438 1.433476 1.433476
1.427650 1.427650 1.417388
1.417388 1.413077 1.413077
1.420861 1.420861 1.418465
-1.033699 -1.033699 -1.008800
-1.008800 -0.976185 -0.976185
-0.880182 -0.880182 -0.782631
-0.782631 -0.779391 -0.779391
-0.790904 -0.790904 -0.807036
-0.807036 -0.886977 -0.968291
-0.968291 -0.968291 -1.083254
-1.083254 -1.231577 -1.429067
-1.429067 -1.654402 -1.654402
-1.613917 -1.613917 -1.450255
-1.450255 -1.358193 -1.358193
-1.270857 -1.270857 -1.220373
-1.220373 -1.231445 -1.231445
-1.223212 -1.223212 -1.197690
9.630756 9.630756 9.631933
9.631933 9.635142 9.635142
9.647898 9.647898 9.661393
9.661393 9.665530 9.665530
9.667155 9.667155 9.669743
9.669743 9.665284 9.661945
9.661945 9.661945 9.653084
9.653084 9.635892 9.604546
9.604546 9.559454 9.559454
9.560164 9.560164 9.589451
9.589451 9.605772 9.605772
9.618583 9.618583 9.626635
9.626635 9.625858 9.625858
9.625762 9.625762 9.629324
####
1.575290 1.576787 1.576787
1.570134 1.570134 1.553468
1.553468 1.534246 1.534246
1.507976 1.507976 1.493120
1.493120 1.460312 1.460312
1.442194 1.442194 1.419922
1.419922 1.401083 1.401083
1.383163 1.383163 1.380031
1.422046 1.422046 1.422046
1.474059 1.474059 1.455520
1.455520 1.429836 1.429836
1.426121 1.426121 1.422527
1.422527 1.430655 1.430655
1.446579 1.446579 1.448424
-0.862967 -0.840290 -0.840290
-0.768456 -0.768456 -0.671657
-0.671657 -0.576751 -0.576751
-0.568620 -0.568620 -0.585297
-0.585297 -0.618899 -0.618899
-0.661667 -0.661667 -0.708711
-0.708711 -0.788693 -0.788693
-0.907932 -0.907932 -1.030149
-1.294310 -1.294310 -1.294310
-1.435320 -1.435320 -1.318491
-1.318491 -1.220590 -1.220590
-1.121854 -1.121854 -1.028881
-1.028881 -1.033946 -1.033946
-1.009222 -1.009222 -0.928978
9.640754 9.642512 9.642512
9.649588 9.649588 9.659503
9.659503 9.668704 9.668704
9.673318 9.673318 9.674627
9.674627 9.677543 9.677543
9.677430 9.677430 9.677393
9.677393 9.673950 9.673950
9.666070 9.666070 9.654258
9.616284 9.616284 9.616284
9.588399 9.588399 9.607988
9.607988 9.624766 9.624766
9.637323 9.637323 9.648223
9.648223 9.646480 9.646480
9.646723 9.646723 9.654505
####
1.574082 1.571230 1.571230
1.553782 1.553782 1.506615
1.506615 1.464255 1.464255
1.449138 1.449138 1.441375
1.441375 1.437995 1.430732
1.430732 1.421367 1.421367
1.407103 1.407103 1.399695
1.399423 1.399423 1.400813
1.400813 1.400118 1.400118
1.398914 1.396360 1.396360
1.395772 1.395772 1.397877
1.397877 1.398271 1.396856
1.396856 1.396960 1.396960
1.397064 1.397064 1.396133
1.396133 1.394435 1.394435
1.390967 1.390967 1.385915
1.385915 1.380137 1.380137
1.370122 1.370122 1.384385
1.443961 1.443961 1.480532
1.480532 1.455481 1.455481
1.405880 1.405880 1.398045
1.398045 1.395168 1.395168
1.406866 1.406866 1.420049
-0.873318 -0.855439 -0.855439
-0.801472 -0.801472 -0.702301
-0.702301 -0.649876 -0.649876
-0.715942 -0.715942 -0.711768
-0.711768 -0.724169 -0.747547
-0.747547 -0.810468 -0.810468
-0.874317 -0.874317 -0.904801
-0.914284 -0.914284 -0.915940
-0.915940 -0.912420 -0.912420
-0.926863 -0.933361 -0.933361
-0.946630 -0.946630 -0.957528
-0.957528 -0.959129 -0.966427
-0.966427 -0.977251 -0.977251
-0.994355 -0.994355 -1.017275
-1.017275 -1.026954 -1.026954
-1.033055 -1.033055 -1.055662
-1.055662 -1.092423 -1.092423
-1.135073 -1.135073 -1.219868
-1.349728 -1.349728 -1.358985
-1.358985 -1.272623 -1.272623
-1.239925 -1.239925 -1.188338
-1.188338 -1.125045 -1.125045
-1.122627 -1.122627 -1.061183
9.640019 9.642087 9.642087
9.649549 9.649549 9.664744
9.664744 9.674916 9.674916
9.672528 9.672528 9.673997
9.673997 9.673579 9.672878
9.672878 9.669190 9.669190
9.665713 9.665713 9.663983
9.663131 9.663131 9.662772
9.662772 9.663206 9.663206
9.662005 9.661750 9.661750
9.660543 9.660543 9.659165
9.659165 9.658949 9.658426
9.658426 9.657322 9.657322
9.655561 9.655561 9.653308
9.653308 9.652529 9.652529
9.652378 9.652378 9.650659
9.650659 9.647395 9.647395
9.643898 9.643898 9.631500
9.605394 9.605394 9.598519
9.598519 9.614177 9.614177
9.625823 9.625823 9.633468
9.633468 9.641481 9.641481
9.640063 9.640063 9.645089
####
1.573672 1.603099 1.603099
1.604216 1.604216 1.583867
1.583867 1.517218 1.461995
1.461995 1.432570 1.432570
1.420598 1.420598 1.410953
1.410953 1.416693 1.416693
1.417817 1.417817 1.416879
1.416879 1.426783 1.426783
1.429027 1.429027 1.426578
1.426578 1.422154 1.422154
1.412506 1.412506 1.401255
1.381611 1.381611 1.345281
1.345281 1.306952 1.306952
1.342653 1.342653 1.398715
1.398715 1.412241 1.412241
1.403070 1.403070 1.398275
1.398275 1.400642 1.400642
1.400551 1.400551 1.394137
1.394137 -0.917546 -0.945890
-0.945890 -1.007932 -1.007932
-1.011340 -1.011340 -0.881328
-0.835048 -0.835048 -0.861308
-0.861308 -0.816279 -0.816279
-0.798775 -0.798775 -0.836793
-0.836793 -0.823182 -0.823182
-0.830707 -0.830707 -0.837065
-0.837065 -0.827458 -0.827458
-0.839631 -0.839631 -0.854202
-0.854202 -0.886071 -0.886071
-0.930309 -0.972345 -0.972345
-1.050191 -1.050191 -1.268461
-1.268461 -1.440535 -1.440535
-1.521507 -1.521507 -1.451022
-1.451022 -1.361678 -1.361678
-1.295222 -1.295222 -1.221918
-1.221918 -1.164684 -1.164684
-1.149323 -1.149323 9.635977
9.628383 9.628383 9.621900
9.621900 9.624913 9.624913
9.648404 9.661037 9.661037
9.663140 9.663140 9.668815
9.668815 9.671689 9.671689
9.667634 9.667634 9.668638
9.668638 9.668131 9.668131
9.666126 9.666126 9.666622
9.666622 9.665935 9.665935
9.665309 9.665309 9.663855
9.663855 9.661335 9.660026
9.660026 9.657002 9.657002
9.636040 9.636040 9.606900
9.606900 9.586396 9.586396
9.595337 9.595337 9.609767
9.609767 9.619648 9.619648
9.628889 9.628889 9.635993
9.635993 9.638766 9.638766
####
1.488097 1.498189 1.497252
1.497252 1.497886 1.497886
1.491496 1.491496 1.462236
1.462236 1.443236 1.443236
1.443236 1.421839 1.421839
1.403160 1.391989 1.391989
1.391989 1.381365 1.381365
1.378288 1.378288 1.375629
1.375629 1.375120 1.374423
1.374423 1.372421 1.372421
1.373121 1.373121 1.373695
1.373695 1.372293 1.372293
1.368819 1.368819 1.371302
1.371302 1.373267 1.373267
1.372347 1.372347 1.366650
1.366650 1.360603 1.360603
1.359970 1.359970 1.355136
1.345173 1.345173 1.389444
1.389444 1.450659 1.450659
1.470507 1.470507 1.472296
1.472296 1.459220 1.459220
1.459220 1.426548 1.426548
1.405372 1.405372 1.404458
1.404458 1.403746 -0.966754
-0.927229 -0.859719 -0.859719
-0.838734 -0.838734 -0.761702
-0.761702 -0.666829 -0.666829
-0.661923 -0.661923 -0.661923
-0.668059 -0.668059 -0.670079
-0.751472 -0.751472 -0.751472
-0.755014 -0.755014 -0.794806
-0.794806 -0.826565 -0.826565
-0.833463 -0.827587 -0.827587
-0.818842 -0.818842 -0.818708
-0.818708 -0.820970 -0.820970
-0.823137 -0.823137 -0.822953
-0.822953 -0.824738 -0.824738
-0.824838 -0.824838 -0.830923
-0.830923 -0.852290 -0.852290
-0.892619 -0.892619 -0.977037
-0.977037 -1.063812 -1.140063
-1.140063 -1.250879 -1.250879
-1.302971 -1.302971 -1.285245
-1.285245 -1.267145 -1.267145
-1.239200 -1.239200 -1.239200
-1.215317 -1.215317 -1.155879
-1.155879 -1.129337 -1.129337
-1.127686 9.644757 9.647075
9.653472 9.653472 9.655219
9.655219 9.662589 9.662589
9.674068 9.674068 9.677258
9.677258 9.677258 9.680003
9.680003 9.682589 9.678225
9.678225 9.678225 9.679472
9.679472 9.676724 9.676724
9.674442 9.674442 9.673923
9.674525 9.674525 9.675553
9.675553 9.675466 9.675466
9.675193 9.675193 9.675208
9.675208 9.675715 9.675715
9.675212 9.675212 9.674925
9.674925 9.674534 9.674534
9.673482 9.673482 9.670697
9.670697 9.662622 9.662622
9.654134 9.646821 9.646821
9.626792 9.626792 9.610840
9.610840 9.610209 9.610209
9.612339 9.612339 9.617975
9.617975 9.617975 9.625920
9.625920 9.636351 9.636351
9.639630 9.639630 9.639928
####
1.543703 1.543703 1.575094
1.575094 1.575094 1.574673
1.539676 1.539676 1.539676
1.507911 1.507911 1.482767
1.482767 1.438902 1.438902
1.403019 1.403019 1.403439
1.403439 1.391269 1.391269
1.383724 1.383724 1.376011
1.376011 1.376011 1.361875
1.361875 1.352675 1.340993
1.340993 1.340993 1.323475
1.311410 1.311410 1.336770
1.336770 1.361405 1.361405
1.370301 1.370301 1.396375
1.396375 1.395636 1.395636
1.375852 1.375852 1.376315
1.376315 1.377307 1.377307
1.377827 -0.921730 -0.921730
-0.980984 -0.980984 -0.980984
-0.953455 -0.841937 -0.841937
-0.841937 -0.841600 -0.841600
-0.902112 -0.902112 -0.932181
-0.932181 -0.909377 -0.909377
-0.953969 -0.953969 -0.965110
-0.965110 -1.021283 -1.021283
-1.107360 -1.107360 -1.107360
-1.101144 -1.101144 -1.124165
-1.213144 -1.213144 -1.213144
-1.266285 -1.370467 -1.370467
-1.541253 -1.541253 -1.662183
-1.662183 -1.744131 -1.744131
-1.799859 -1.799859 -1.713689
-1.713689 -1.568247 -1.568247
-1.536799 -1.536799 -1.518511
-1.518511 -1.438603 9.640425
9.640425 9.629493 9.629493
9.629493 9.632327 9.648364
9.648364 9.648364 9.653409
9.653409 9.651839 9.651839
9.655620 9.655620 9.663072
9.663072 9.658710 9.658710
9.659364 9.659364 9.654671
9.654671 9.646280 9.646280
9.646280 9.648998 9.648998
9.647637 9.638486 9.638486
9.638486 9.634070 9.621455
9.621455 9.592078 9.592078
9.568391 9.568391 9.552522
9.552522 9.538398 9.538398
9.554363 9.554363 9.582172
9.582172 9.587199 9.587199
9.589971 9.589971 9.602208
####
1.495247 1.495247 1.507531
1.507531 1.509010 1.509010
1.515994 1.515994 1.490064
1.490064 1.480871 1.472485
1.472485 1.452821 1.452821
1.445825 1.445825 1.450927
1.450927 1.450889 1.450889
1.448595 1.448595 1.454725
1.454725 1.464293 1.464293
1.455000 1.455000 1.438229
1.438229 1.426496 1.426496
1.412060 1.412060 1.396095
1.396095 1.385812 1.379001
1.379001 1.375186 1.375186
1.366789 1.366789 1.354729
1.354729 1.344598 1.331213
1.331213 1.325822 1.325822
1.334860 1.334860 1.363899
1.363899 1.385961 1.385961
1.393087 1.393087 1.400137
1.400137 1.393179 1.369179
1.369179 1.355986 1.355986
1.365307 1.365307 1.370029
-1.010255 -1.010255 -1.026153
-1.026153 -1.056773 -1.056773
-1.004090 -1.004090 -0.873461
-0.873461 -0.836337 -0.879379
-0.879379 -0.879553 -0.879553
-0.848070 -0.848070 -0.879670
-0.879670 -0.900248 -0.900248
-0.867041 -0.867041 -0.888646
-0.888646 -0.929553 -0.929553
-0.924882 -0.924882 -0.943550
-0.943550 -0.976422 -0.976422
-1.000798 -1.000798 -1.038361
-1.038361 -1.055348 -1.069465
-1.069465 -1.093739 -1.093739
-1.096223 -1.096223 -1.122294
-1.122294 -1.167185 -1.245766
-1.245766 -1.295129 -1.295129
-1.343697 -1.343697 -1.447040
-1.447040 -1.517380 -1.517380
-1.525801 -1.525801 -1.496590
-1.496590 -1.463828 -1.406375
-1.406375 -1.341299 -1.341299
-1.269394 -1.269394 -1.210445
9.639192 9.639192 9.635598
9.635598 9.632056 9.632056
9.636595 9.636595 9.653349
9.653349 9.658051 9.655510
9.655510 9.658472 9.658472
9.662337 9.662337 9.658747
9.658747 9.656856 9.656856
9.660238 9.660238 9.657353
9.657353 9.652055 9.652055
9.653909 9.653909 9.654615
9.654615 9.653088 9.653088
9.652714 9.652714 9.651068
9.651068 9.650707 9.650129
9.650129 9.647952 9.647952
9.648864 9.648864 9.647567
9.647567 9.643657 9.635680
9.635680 9.629913 9.629913
9.622006 9.622006 9.602929
9.602929 9.588902 9.588902
9.586534 9.586534 9.590111
9.590111 9.596179 9.608218
9.608218 9.619387 9.619387
9.627823 9.627823 9.634741
####
1.571106 1.571106 1.589698
1.589698 1.552852 1.552852
1.552852 1.484968 1.398367
1.398367 1.398367 1.387200
1.387200 1.387200 1.402101
1.402545 1.402545 1.400039
1.400039 1.400039 1.399394
1.399394 1.399941 1.399941
1.400422 1.400422 1.396489
1.396489 1.391927 1.391927
1.391709 1.390724 1.390724
1.386820 1.386820 1.384467
1.384467 1.382702 1.382702
1.381996 1.381996 1.382182
1.382182 1.374881 1.374881
1.369331 1.369331 1.359832
1.359832 1.342537 1.342537
1.328411 1.328411 1.320660
1.345250 1.345250 1.408561
1.408561 1.436174 1.436174
1.415086 1.415086 1.390775
1.390775 1.385150 1.385150
1.382160 1.382160 1.382538
1.382538 -1.160095 -1.160095
-1.150943 -1.150943 -1.124366
-1.124366 -1.124366 -1.129478
-1.052983 -1.052983 -1.052983
-1.093728 -1.093728 -1.093728
-1.090218 -1.054208 -1.054208
-1.059592 -1.059592 -1.059592
-1.076628 -1.076628 -1.077030
-1.077030 -1.073145 -1.073145
-1.076293 -1.076293 -1.089828
-1.089828 -1.099485 -1.097528
-1.097528 -1.098245 -1.098245
-1.116327 -1.116327 -1.133041
-1.133041 -1.140522 -1.140522
-1.150596 -1.150596 -1.176226
-1.176226 -1.210925 -1.210925
-1.243371 -1.243371 -1.298439
-1.298439 -1.411094 -1.411094
-1.512022 -1.645206 -1.645206
-1.790232 -1.790232 -1.734068
-1.734068 -1.659824 -1.659824
-1.599375 -1.599375 -1.502465
-1.502465 -1.428020 -1.428020
-1.392219 -1.392219 9.610213
9.610213 9.608255 9.608255
9.617423 9.617423 9.617423
9.627541 9.649155 9.649155
9.649155 9.646234 9.646234
9.646234 9.644476 9.648415
9.648415 9.648190 9.648190
9.648190 9.646397 9.646397
9.646272 9.646272 9.646635
9.646635 9.646854 9.646854
9.645994 9.645994 9.644930
9.645294 9.645294 9.645775
9.645775 9.644037 9.644037
9.642341 9.642341 9.641561
9.641561 9.640337 9.640337
9.638288 9.638288 9.634780
9.634780 9.631992 9.631992
9.627152 9.627152 9.613247
9.613247 9.598960 9.573609
9.573609 9.538418 9.538418
9.544674 9.544674 9.561009
9.561009 9.574870 9.574870
9.591369 9.591369 9.603166
9.603166 9.608366 9.608366
####
1.448272 1.448272 1.513181
1.513181 1.534355 1.511121
1.511121 1.480812 1.480812
1.465939 1.465939 1.477781
1.477781 1.485933 1.485933
1.483416 1.483416 1.483416
1.490017 1.496278 1.496278
1.495143 1.495143 1.478368
1.478368 1.478368 1.456404
1.456404 1.417366 1.417366
1.396175 1.396175 1.385818
1.386423 1.386423 1.396797
1.396797 1.393287 1.393287
1.383501 1.383501 1.382309
1.382309 1.377303 1.377303
1.373771 1.373771 1.368546
1.368546 1.368307 1.368307
1.368089 1.368089 1.365186
1.365186 1.362909 1.362909
1.361187 1.360676 1.360676
1.348966 1.348966 1.327606
1.327606 1.312303 1.312303
1.300654 1.300654 1.300654
1.326139 1.326139 1.393770
1.393770 1.434987 1.434987
1.427064 1.427064 1.397943
1.397943 1.390211 1.390211
1.378444 1.378444 1.381754
1.381754 -1.106318 -1.106318
-1.205579 -1.205579 -1.136698
-0.983342 -0.983342 -0.830326
-0.830326 -0.707520 -0.707520
-0.620912 -0.620912 -0.621556
-0.621556 -0.668720 -0.668720
-0.668720 -0.666670 -0.667979
-0.667979 -0.663406 -0.663406
-0.731950 -0.731950 -0.731950
-0.757262 -0.757262 -0.742683
-0.742683 -0.799043 -0.799043
-0.788640 -0.774458 -0.774458
-0.797584 -0.797584 -0.805538
-0.805538 -0.800317 -0.800317
-0.805908 -0.805908 -0.825744
-0.825744 -0.848299 -0.848299
-0.839173 -0.839173 -0.846224
-0.846224 -0.860635 -0.860635
-0.864466 -0.864466 -0.874344
-0.874344 -0.884117 -0.903123
-0.903123 -0.947855 -0.947855
-1.010824 -1.010824 -1.114966
-1.114966 -1.315051 -1.315051
-1.315051 -1.553264 -1.553264
-1.694025 -1.694025 -1.631343
-1.631343 -1.558877 -1.558877
-1.483774 -1.483774 -1.402710
-1.402710 -1.385070 -1.385070
-1.390686 -1.390686 9.635816
9.635816 9.613910 9.613910
9.618942 9.639499 9.639499
9.658579 9.658579 9.670617
9.670617 9.674762 9.674762
9.673472 9.673472 9.670712
9.670712 9.670712 9.669839
9.668782 9.668782 9.669272
9.669272 9.666905 9.666905
9.666905 9.668290 9.668290
9.675220 9.675220 9.673811
9.673811 9.676153 9.677213
9.677213 9.673841 9.673841
9.673688 9.673688 9.675526
9.675526 9.675232 9.675232
9.674273 9.674273 9.672825
9.672825 9.674361 9.674361
9.673780 9.673780 9.672541
9.672541 9.672608 9.672608
9.672042 9.672042 9.671395
9.669711 9.669711 9.667070
9.667070 9.663648 9.663648
9.654279 9.654279 9.630646
9.630646 9.630646 9.591617
9.591617 9.558142 9.558142
9.562945 9.562945 9.576209
9.576209 9.592422 9.592422
9.605733 9.605733 9.609987
9.609987 9.608702 9.608702
####
1.458127 1.473857 1.473857
1.462722 1.462722 1.468227
1.468227 1.456219 1.456219
1.446771 1.446771 1.408102
1.408102 1.323417 1.323417
1.323417 1.296030 1.276596
1.276596 1.288452 1.288452
1.299987 1.299987 1.288617
1.288617 1.277741 1.277741
1.271741 1.271741 1.276578
1.276578 1.314228 1.314228
1.379167 1.379167 1.375403
1.375403 1.357322 1.349766
1.349766 1.335349 1.335349
1.341174 1.341174 -1.131017
-1.070558 -1.070558 -1.056911
-1.056911 -1.016154 -1.016154
-0.979787 -0.979787 -0.986288
-0.986288 -0.841482 -0.841482
-0.943687 -0.943687 -0.943687
-1.023420 -0.972740 -0.972740
-0.981135 -0.981135 -1.017285
-1.017285 -1.016525 -1.016525
-1.080734 -1.080734 -1.218329
-1.218329 -1.354381 -1.354381
-1.635697 -1.635697 -1.652955
-1.652955 -1.422317 -1.422317
-1.330765 -1.205315 -1.205315
-1.117703 -1.117703 -1.081337
-1.081337 9.631461 9.635977
9.635977 9.639179 9.639179
9.642724 9.642724 9.648307
9.648307 9.649066 9.649066
9.668482 9.668482 9.671009
9.671009 9.671009 9.666608
9.674424 9.674424 9.672004
9.672004 9.666724 9.666724
9.668326 9.668326 9.662804
9.662804 9.647214 9.647214
9.628415 9.628415 9.579545
9.579545 9.567447 9.567447
9.604981 9.604981 9.620662
9.638244 9.638244 9.650802
9.650802 9.654137 9.654137
####
1.475259 1.494466 1.494466
1.493058 1.493058 1.464754
1.464754 1.410608 1.410608
1.368664 1.368664 1.349424
1.349424 1.346909 1.346909
1.353465 1.353465 1.353274
1.343473 1.343473 1.343473
1.331403 1.323258 1.323258
1.326457 1.326457 1.349827
1.349827 1.398924 1.398924
1.406346 1.406346 1.393607
1.393607 1.388453 1.388453
1.381157 1.381157 1.374627
1.374627 1.378191 1.378191
1.382376 -0.738473 -0.721997
-0.721997 -0.708015 -0.708015
-0.696715 -0.696715 -0.628426
-0.628426 -0.724829 -0.724829
-0.805369 -0.805369 -0.796666
-0.796666 -0.797005 -0.797005
-0.828132 -0.875033 -0.875033
-0.875033 -0.931305 -1.014144
-1.014144 -1.168490 -1.168490
-1.365609 -1.365609 -1.396288
-1.396288 -1.281071 -1.281071
-1.186832 -1.186832 -1.102647
-1.102647 -1.031898 -1.031898
-1.018244 -1.018244 -0.958506
-0.958506 -0.867170 9.666884
9.665178 9.665178 9.666430
9.666430 9.671580 9.671580
9.684299 9.684299 9.683582
9.683582 9.679918 9.679918
9.680989 9.680989 9.680047
9.680047 9.677461 9.674699
9.674699 9.674699 9.671113
9.663896 9.663896 9.646010
9.646010 9.616833 9.616833
9.605404 9.605404 9.620365
9.620365 9.634296 9.634296
9.645038 9.645038 9.653911
9.653911 9.656291 9.656291
9.661897 9.661897 9.669925
####
1.608013 1.608013 1.597385
1.597385 1.565726 1.565726
1.517886 1.517886 1.467780
1.467780 1.408907 1.408907
1.408907 1.423972 1.423972
1.426856 1.426856 1.422253
1.413939 1.413939 1.400799
1.400799 1.395471 1.395471
1.412327 1.412327 1.464867
1.464867 1.496647 1.496647
1.474925 1.474925 1.450546
1.450546 1.449689 1.449689
-0.670470 -0.670470 -0.674524
-0.674524 -0.651976 -0.651976
-0.627946 -0.627946 -0.670100
-0.670100 -0.698567 -0.698567
-0.698567 -0.765812 -0.765812
-0.762070 -0.762070 -0.804399
-0.849483 -0.849483 -0.886138
-0.886138 -1.020158 -1.020158
-1.205696 -1.205696 -1.333143
-1.333143 -1.235502 -1.235502
-1.135088 -1.135088 -1.084892
-1.084892 -0.997271 -0.997271
9.650656 9.650656 9.652138
9.652138 9.658873 9.658873
9.668097 9.668097 9.673003
9.673003 9.679740 9.679740
9.679740 9.672447 9.672447
9.672318 9.672318 9.669567
9.666930 9.666930 9.665552
9.665552 9.653099 9.653099
9.629228 9.629228 9.604546
9.604546 9.612699 9.612699
9.628425 9.628425 9.637911
9.637911 9.647499 9.647499
####
1.575447 1.575447 1.584804
1.584804 1.567090 1.538971
1.538971 1.501596 1.501596
1.469169 1.469169 1.448139
1.448139 1.439642 1.444850
1.444850 1.446534 1.446534
1.442327 1.442327 1.443546
1.443546 1.442728 1.442728
1.442395 1.442395 1.438532
1.438532 1.439349 1.439349
1.434754 1.434754 1.434484
1.429096 1.429096 1.422983
1.422983 1.414141 1.414141
1.394936 1.394936 1.391586
1.391586 1.418277 1.418277
1.461520 1.461520 1.490609
1.490609 1.490361 1.490361
1.478934 1.478934 1.445170
1.445170 1.432094 1.432094
1.419117 1.419117 1.420447
-0.705215 -0.705215 -0.691366
-0.691366 -0.708704 -0.662749
-0.662749 -0.579384 -0.579384
-0.626140 -0.626140 -0.672707
-0.672707 -0.660333 -0.674518
-0.674518 -0.684193 -0.684193
-0.688597 -0.688597 -0.693429
-0.693429 -0.691601 -0.691601
-0.701886 -0.701886 -0.722697
-0.722697 -0.733264 -0.733264
-0.720937 -0.720937 -0.725617
-0.740247 -0.740247 -0.772033
-0.772033 -0.816009 -0.816009
-0.879769 -0.879769 -1.024316
-1.024316 -1.202819 -1.202819
-1.307882 -1.307882 -1.344249
-1.344249 -1.325035 -1.325035
-1.300001 -1.300001 -1.255252
-1.255252 -1.212103 -1.212103
-1.193288 -1.193288 -1.149762
9.653550 9.653550 9.653020
9.653020 9.654654 9.662438
9.662438 9.673671 9.673671
9.675736 9.675736 9.675781
9.675781 9.677901 9.676147
9.676147 9.675216 9.675216
9.675532 9.675532 9.675005
9.675005 9.675258 9.675258
9.674567 9.674567 9.673610
9.673610 9.672693 9.672693
9.674301 9.674301 9.673992
9.673681 9.673681 9.672098
9.672098 9.669784 9.669784
9.666982 9.666982 9.653219
9.653219 9.628713 9.628713
9.608527 9.608527 9.599035
9.599035 9.601745 9.601745
9.606932 9.606932 9.618015
9.618015 9.625503 9.625503
9.629775 9.629775 9.634872
####
1.557229 1.557229 1.547214
1.547214 1.513278 1.513278
1.487701 1.487701 1.482011
1.482011 1.493503 1.493503
1.496584 1.496584 1.489757
1.489757 1.494794 1.494794
1.489902 1.489902 1.493765
1.501408 1.501408 1.505131
1.505131 1.505131 1.493813
1.493813 1.479874 1.479874
1.458928 1.458928 1.453497
1.448834 1.448834 1.449666
1.449666 1.446463 1.446463
1.443726 1.443726 1.442043
1.442043 1.438758 1.438758
1.441828 1.441828 1.441828
1.440065 1.440065 1.436715
1.436715 1.433197 1.430640
1.430640 1.429109 1.429109
1.439050 1.439050 1.442146
1.442146 1.445558 1.445558
1.449045 1.449045 1.449405
1.449405 1.449965 1.449965
1.449449 1.449449 1.448076
1.448076 1.439148 1.439148
1.436651 1.436651 1.423482
1.448820 1.448820 1.517943
1.517943 1.551177 1.551177
1.552257 1.552257 1.525993
1.525993 1.498518 1.498518
1.487037 1.487037 1.469111
1.469111 -0.903746 -0.903746
-0.833986 -0.833986 -0.767848
-0.767848 -0.686004 -0.686004
-0.649836 -0.649836 -0.677731
-0.677731 -0.611356 -0.611356
-0.581711 -0.581711 -0.592775
-0.592775 -0.572883 -0.572883
-0.586876 -0.662628 -0.662628
-0.660577 -0.660577 -0.660577
-0.651931 -0.651931 -0.680218
-0.680218 -0.688917 -0.688917
-0.698551 -0.728700 -0.728700
-0.732033 -0.732033 -0.712993
-0.712993 -0.715108 -0.715108
-0.720052 -0.720052 -0.704047
-0.704047 -0.722086 -0.722086
-0.722086 -0.729960 -0.729960
-0.731735 -0.731735 -0.739564
-0.745849 -0.745849 -0.777111
-0.777111 -0.814355 -0.814355
-0.806954 -0.806954 -0.799594
-0.799594 -0.802625 -0.802625
-0.803919 -0.803919 -0.805774
-0.805774 -0.805417 -0.805417
-0.806798 -0.806798 -0.830324
-0.830324 -0.922187 -0.922187
-1.037316 -1.215003 -1.215003
-1.359660 -1.359660 -1.373581
-1.373581 -1.311099 -1.311099
-1.236837 -1.236837 -1.184773
-1.184773 -1.150241 -1.150241
-1.074477 -1.074477 9.639952
9.639952 9.647849 9.647849
9.658716 9.658716 9.668843
9.668843 9.672215 9.672215
9.668532 9.668532 9.672481
9.672481 9.675362 9.675362
9.673913 9.673913 9.675866
9.675866 9.674432 9.668355
9.668355 9.667916 9.667916
9.667916 9.670258 9.670258
9.670453 9.670453 9.673019
9.673019 9.673146 9.671621
9.671621 9.671245 9.671245
9.673147 9.673147 9.673400
9.673400 9.673284 9.673284
9.674951 9.674951 9.673164
9.673164 9.673164 9.672836
9.672836 9.673201 9.673201
9.673126 9.673022 9.673022
9.670788 9.670788 9.666248
9.666248 9.666407 9.666407
9.666510 9.666510 9.665736
9.665736 9.665575 9.665575
9.665337 9.665337 9.665443
9.665443 9.665534 9.665534
9.664875 9.664875 9.656915
9.656915 9.647180 9.622634
9.622634 9.592578 9.592578
9.585276 9.585276 9.593847
9.593847 9.607912 9.607912
9.618792 9.618792 9.624763
9.624763 9.636265 9.636265
####
